	LeukocyteMeth_score	CD4_mature	CD8_effector	NK_cells	B_cells	T_regs	Dendritics	CD8_effector_NK_cells	Macrophages	Macrophages_M2	Macrophages_M1
TCGA.04.1348.01	0.150948736257642	0.0226566922482274	-0.13368553019416302	-0.139780839676516	-0.0450550420705205	-0.0141314471777842	0.132642890407642	-0.0100748907524125	0.41310080441326397	0.262198020406989	0.36997298939695894
TCGA.04.1357.01	0.26794368108652	0.10361222719565802	0.0513576137192021	0.00428658915053747	0.14826348244006798	-0.0146796096209088	0.148267989014123	0.12913414431508902	0.45026780738589794	0.304542484632778	0.433460828914989
TCGA.04.1362.01	0.0840705134191117	-0.12438993425634601	-0.36916462567759606	-0.346158704794548	-0.209139765103775	-0.0958407388813608	-0.0496717338736351	-0.217201195192964	0.333927607062398	0.169423223181634	0.17084951321318304
TCGA.04.1364.01	0.0334651133520436	-0.18234025014011	-0.43643981435835205	-0.46778579443661206	-0.12764664289275401	-0.22223507270073897	-0.0976774605507768	-0.358317764358015	-0.0224552280702954	-0.0803641022156932	-0.112247768968003
TCGA.04.1365.01	0.14147110021652498	-0.0422932752270012	-0.15522688483117	-0.146162796776106	-0.00580520366040918	-0.108217981532261	0.12214756298888599	-0.0453983570280509	0.390748172465521	0.21386170714093	0.34835083526268795
TCGA.04.1514.01	0.0377776599134639	-0.14808391371012303	-0.354102552790273	-0.435578022520693	-0.23730474989111103	-0.103456089663357	-0.0489611228785517	-0.318557633293488	0.00155149296310649	-0.0999948864849001	-0.115163418542527
TCGA.04.1519.01	0.0203532219944987	-0.137543527056746	-0.383863983803882	-0.345920235783962	-0.10641573178167801	-0.164424763284771	-0.0425053047264779	-0.281284849714223	0.117862244783539	0.0122440018514232	-0.00529718111766629
TCGA.09.0364.01	0.0555369859994129	0.0185729652788765	-0.498628067715885	-0.458132257602084	-0.25773287731724803	-0.229164547528999	-0.21520918244610399	-0.36922310651035706	0.0395122794519678	-0.0864052583470272	-0.149823525398932
TCGA.09.0366.01	0.27303013571808105	-0.0106931041550404	-0.303847228138178	-0.269083906351006	-0.0839262384971465	-0.073402848439694	0.12586747840825802	-0.148597840525108	0.47168248606636604	0.303003421694753	0.305086952847245
TCGA.09.0367.01	0.0758041481906226	-0.0497010612472533	-0.264698710588523	-0.234260458921187	-0.0550808542100439	-0.0337205321829089	0.125373830333601	-0.164067625781571	0.294153342486795	0.15407604865566502	0.21388506826241396
TCGA.09.0369.01	0.101152951405166	-0.0544585907503617	-0.339267971214241	-0.37297362165969794	-0.22448669884112	-0.24849313269525897	-0.152215414030268	-0.305772504452723	0.308612154095492	0.14439151308125597	0.0845169383375449
TCGA.09.1659.01	0.0593200844921141	-0.0533151250002505	-0.257695990691054	-0.24011637090181798	-0.132983068792866	-0.14602841648649	0.0618012676032628	-0.167283010903074	0.34615098045072196	0.177251963957583	0.24567170113961398
TCGA.09.1662.01	0.13973843903891	-0.0163190038953724	-0.191287556380669	-0.172188325426965	-0.16226687500797501	-0.132575314319031	0.127403949259119	-0.0430169704740758	0.299193817257164	0.19736916882528	0.162760689715954
TCGA.09.1666.01	0.0849440909039758	-0.0606822666229522	-0.20595828372424102	-0.20980235521123997	-0.0771621629302007	-0.0892349575001086	0.0253192703705041	-0.12078913369214	0.370760286419971	0.21216544726447198	0.327346372992701
TCGA.09.1667.01	0.11127309420099002	0.00501182626851989	-0.111938023271266	-0.15819244444633102	-0.0565437782179927	-0.0657666206066792	0.1377252148035	-0.0120453343063836	0.41310162193539895	0.250615175792919	0.36032740198005797
TCGA.09.1668.01	0.141491751220325	0.0468571975119096	-0.16825326869193397	-0.20287956686961497	-0.130713043361571	-0.00109641342577945	0.18435799362711103	-0.0440499459075024	0.402090460726481	0.233752974940396	0.36608645343919394
TCGA.09.1669.01	0.0825202795838479	-0.00156357332980335	-0.20634171255960398	-0.243198220481895	0.0431986950879533	-0.15187519755194298	0.0273224662085112	-0.0871086290132682	0.350096017698123	0.18644843150891102	0.30260354283669605
TCGA.09.1670.01	0.111348083064122	-0.0881056888699418	-0.27938138243411	-0.263105457265062	-0.14459341446906301	-0.147798541941695	0.0199282260475818	-0.18820328767167602	0.37645059272801706	0.211100204964179	0.212276556413165
TCGA.09.1673.01	0.0456094771497273	-0.0328033141353941	-0.35073733493999293	-0.343196538609448	-0.13115017041408802	-0.140057000914024	-0.0968585513976833	-0.224822022932837	0.300286885964573	0.14586135966447902	0.11570261391048099
TCGA.09.1674.01	0.0387961014989242	-0.0645160177306479	-0.3858450014646721	-0.408321167983519	-0.140400208347228	-0.240536374132541	-0.118439333446221	-0.303129818588366	0.0183367915213141	-0.0908330423680158	-0.126392010105274
TCGA.09.2044.01	0.136226438968971	-0.0508749810219264	-0.22197546825453	-0.243491378562302	-0.136349947010901	-0.0694316689697692	0.0961321750115912	-0.123340448775127	0.455794531389519	0.263291125551976	0.305737301102239
TCGA.09.2045.01	0.0785829786654475	-0.0759575187898665	-0.29937540710714194	-0.27455844522406603	-0.161196023705548	-0.10307911205970499	0.121981920583404	-0.20190125329404898	0.31362166852372897	0.169703803450188	0.201681331990251
TCGA.09.2048.01	0.0785481583050441	-0.100070266701815	-0.32736678127896	-0.393879280036999	-0.175635607933968	-0.22956984622533802	-0.135161881606888	-0.277892226526016	0.197090398087524	0.0432733513204078	0.0230296790249247
TCGA.09.2051.01	0.130182408150839	-0.0170563837067787	-0.269339986077151	-0.20631816353672303	-0.177938747178035	-0.103729118087781	0.17715021420885999	-0.0921158688672469	0.388176443098381	0.21518371687681304	0.27431400397496897
TCGA.09.2054.01	0.0814079756005146	0.0368059017320871	-0.289806301488916	-0.350209332664294	-0.153208788990046	-0.162015374377538	-0.150477995736697	-0.21480819294771	0.299164988273699	0.121168739390204	0.11802594882703
TCGA.09.2056.01	0.0840428888121641	0.000614974431794792	-0.218217442295028	-0.153517498712575	-0.0466065794262862	0.016326493224913998	0.153689600849457	-0.126473669687973	0.298381294487413	0.15160701188457099	0.201197382180251
TCGA.10.0928.01	0.0398287434991948	-0.153379544293014	-0.38689770080565006	-0.364881820446218	-0.10652883218251599	-0.230703186060411	-0.0148947875268118	-0.260664161070804	0.0951999143950996	-0.0191973841330128	-0.0322211939233921
TCGA.10.0936.01	0.0790983933153803	-0.11133309470585401	-0.234083249952658	-0.28216445283551195	0.0397778117926007	-0.0630297062462244	0.0288802291080501	-0.166222430203239	0.302902351838556	0.15783790839106301	0.21878441106105898
TCGA.13.0730.01	0.09696608281345401	-0.0781837540571374	-0.29278523146075397	-0.21853610901285198	-0.262148718644462	-0.175721475764268	-0.00358032953668836	-0.192199645617863	0.33978938864439195	0.17996482432562697	0.14033372330041502
TCGA.13.0799.01	0.0709284434743637	-0.0824692911311225	-0.334146917229409	-0.29982220349333505	-0.168674922028521	-0.0512353081865526	-0.0710862800094228	-0.24059980572653397	0.048172048242247	-0.0378792223612509	0.0854297179428925
TCGA.13.0800.01	0.0558024311841011	-0.155965205631775	-0.38477244571804503	-0.44949356777614796	-0.18955720552046101	-0.274904407589438	-0.11462203994818902	-0.363975924165242	-0.0288758082936617	-0.11238233582100199	-0.136754210825119
TCGA.13.0801.01	0.115757296721003	0.0142415395576371	-0.132011788450144	-0.13007249587923	0.0245800598131826	-0.069055281283384	0.273318128964076	-0.0612027354192377	0.4988047091821551	0.37856195637672496	0.40167660932843896
TCGA.13.0890.01	0.190907623110811	0.0338897571855599	-0.238479695396725	-0.242877990496435	-0.00458007066843838	-0.0833108821996015	0.0309499231516064	-0.12119735601856402	0.413162821889885	0.247706558076233	0.277460023531665
TCGA.13.0893.01	0.10888707715807902	-0.0132916003476115	-0.221756496420852	-0.16183990223005199	-0.0950009813874935	-0.0207973652656026	0.16300320181109101	-0.0557443690099423	0.32847321229995297	0.17281412229507997	0.23153336958355397
TCGA.13.0897.01	0.10489111649253899	-0.0205325387458963	-0.17356770733358898	-0.176707784405387	-0.0114503058417363	0.0477428425457127	0.0963836575129199	-0.0885957069450064	0.37775065809519204	0.23207419380322897	0.27130422836324
TCGA.13.0899.01	0.11097360315765599	-0.10310572005152	-0.29134919967251693	-0.26515746079830704	-0.117572954082011	-0.16524271386153602	0.0370467876009156	-0.189200086005339	0.316386786594393	0.156975956874754	0.16947958512101402
TCGA.13.0913.01	0.0676753217508198	-0.152618018927099	-0.36758471258481396	-0.35483560252534396	-0.0715411504995861	-0.201484417434923	-0.0264680573847144	-0.272695349748559	0.159869317104055	0.0304793378412641	0.0539806731036327
TCGA.13.0916.01	0.0745608907688575	0.0291433194745669	-0.208745218099754	-0.192959133800508	-0.0461026985392523	-0.127102023940273	-0.0233886810607374	-0.0759116084406351	0.324844773412173	0.153287901775823	0.286484342254826
TCGA.13.0920.01	0.10878752568170098	-0.0261399797205138	-0.28554272317783197	-0.3221609589913	-0.00906189213812925	-0.20828454889493903	-0.0533382893417833	-0.19924270298030897	0.17003399871602598	0.0285384900559652	0.0894023821033231
TCGA.13.0924.01	0.223850842787692	-0.000519201988483941	-0.10034015254784301	-0.136985094459666	0.0470233880468388	-0.0253054774986318	0.17667277112744398	-0.0411912106028619	0.38628283386610707	0.248498300898218	0.332189063169816
TCGA.13.1403.01	0.0516879703602499	-0.10925441882874301	-0.37360763025654703	-0.34495863801898197	-0.0839208786784008	-0.157476052539662	0.0248761597969642	-0.241879583312932	0.18779227068880397	0.0875834057436225	0.0700582127111679
TCGA.13.1405.01	0.174571515400738	0.0032244809092163698	-0.20626312414659898	-0.18530868938033498	-0.0239905188506492	0.0455688486666591	0.18660041464520302	-0.0667066868827853	0.297906902161825	0.19183385185635002	0.21617354618951
TCGA.13.1410.01	0.0686202703432861	-0.00247800708262225	-0.24097287926279395	-0.237531832197624	-0.0262282999885216	-0.0742160875447466	0.0687375270198585	-0.12228457508903802	0.34567514897442997	0.21081612302348202	0.304191731617206
TCGA.13.1411.01	0.373255563796694	0.0328249799317977	-0.0540980004552743	-0.0534313153313116	-0.0065359073809417795	-0.0308268235080462	0.23463157091870698	0.0727191612164893	0.47807410964953706	0.32416101549687	0.351190903639409
TCGA.13.1481.01	0.189820971844638	-0.0220832592832238	-0.249341378638694	-0.28383079829771996	0.0700704016432483	-0.13987236956801	-0.00438767001829014	-0.153650825150408	0.288141733486949	0.13588787948833	0.17683820794992
TCGA.13.1489.02	0.278698251294038	-0.0665929959113025	-0.23247399300168	-0.20508478948171602	-0.10848028607057199	-0.15818604651832902	-0.00457375495081064	-0.0946802655186033	0.21145288567171697	0.11087654775657901	0.18687008626697102
TCGA.13.1497.01	0.132178891866528	-0.0650498664281075	-0.24589258369826897	-0.28469073036470505	-0.00570878787359915	-0.14170367372916698	0.0865773939870524	-0.14224730514308404	0.307786908473057	0.142577623750504	0.23242672652787802
TCGA.13.1498.01	0.11475022036308599	-0.0392325411999539	-0.20801745654291	-0.134511747767302	-0.10398818203157499	-0.0459512005805196	0.0879980517214198	-0.0411442636185401	0.319082986258935	0.176432570041245	0.320828358775904
TCGA.13.1505.01	0.10167898908817999	-0.0159964668628289	-0.243295443471859	-0.311483357336199	-0.0696567188158528	-0.20538968168089103	-0.0606176103608568	-0.196503269827712	0.288324610774514	0.12191618733456	0.13509153077834
TCGA.13.1506.01	0.0672899917994202	-0.0496716000101562	-0.30322300216438597	-0.33155924251056	-0.14277362805205998	-0.184072099162924	0.0748353433838385	-0.213651936114684	0.234246794982947	0.0944384817629541	0.139344876569856
TCGA.13.1507.01	0.166367497622779	0.12372064179425599	-0.153582946301434	-0.152299004148542	-0.0324960806491187	0.00583599421825386	0.24802159740289104	-0.0125595926207001	0.466694509939149	0.323480421494422	0.400625142891096
TCGA.13.1511.01	0.0812559765751946	-0.0353158827620972	-0.30876940747154197	-0.292666211069848	-0.0715616780053666	-0.10488829041410198	0.105373299042672	-0.234109288457025	0.265497162765147	0.128221340794141	0.11999319453983301
TCGA.13.1512.01	0.137258422607395	-0.0235593459920474	-0.21168264462279604	-0.220509843862997	-0.00235145857661082	-0.0389843873618063	0.11035787819516302	-0.10136138761256801	0.343638784615737	0.18194784609023298	0.258938984608084
TCGA.13.2060.01	0.22379912944084301	0.0173583666084897	-0.157287080082294	-0.14678935117191	-0.0285185746845392	-0.0810318120798709	0.18424936017593999	-0.0343077605748393	0.405560855651495	0.241159109349761	0.388117793816785
TCGA.13.A5FT.01	0.14621172461050197	-0.15118111760267	-0.324061624654938	-0.37271490610070507	-0.0928500090553589	-0.17394022489758598	-0.00883440775475567	-0.226951730375341	0.126000619279937	0.0235969364173071	0.11750429908480699
TCGA.20.1682.01	0.15019668288423801	-0.000557317856425555	-0.139460973485949	-0.179433518647447	-0.0752540037727276	-0.0349126317594353	0.000663332826731418	-0.0872647379962748	0.35259252453072	0.183010337888328	0.245334162568034
TCGA.20.1683.01	0.0704990826614184	0.00432329524651416	-0.262761964957337	-0.271272915263449	0.0797329524936158	-0.126043329063917	-0.106373878616687	-0.18831310093294798	0.236412568616037	0.12428901078569699	0.090476535549658
TCGA.20.1684.01	0.0369800736144284	-0.122097699972233	-0.38556555349252297	-0.368013252669523	-0.10296596567086899	-0.192700485430837	-0.0551464469017268	-0.312959121030414	0.14854950335605602	0.0279861989058508	0.0448593062218803
TCGA.20.1685.01	0.11943977291439699	-0.0559628775373205	-0.226635198445719	-0.297615568662882	-0.11463116678507801	-0.0674078214532742	0.0770041625003674	-0.17179303207561097	0.416748887408216	0.246448505397674	0.271291986364865
TCGA.20.1687.01	0.111734048092018	-0.0413811836986997	-0.213598198274932	-0.24988677781472002	-0.0822746491401038	-0.0469324665762702	0.12828788121082	-0.13721644809751	0.31581842742191696	0.195056371554511	0.19637276478747603
TCGA.23.1026.01	0.149074790341299	1.9468089390131697e-05	-0.19244175921725898	-0.168219640835034	-0.0337513086598012	-0.0328509606641919	0.193862981387853	-0.0453735581464597	0.376169820344019	0.237593201421303	0.331309649412104
TCGA.23.1027.01	0.178988856489213	-0.0687542121549744	-0.288774852020327	-0.296592558139643	-0.10800707702930801	-0.0194068681624242	0.16694578728681198	-0.18182908727164002	0.346469366291231	0.20869601020088602	0.22897988662003896
TCGA.23.1029.01	0.0499276777822767	-0.0262591197271636	-0.39813996729210793	-0.369769954354034	-0.0774863460912927	-0.136183320285367	0.0278020712847706	-0.270760847076925	0.362415892725097	0.205053510693414	0.253855913188765
TCGA.23.1109.01	0.0512069719020694	-0.0871072903249568	-0.26320329217469196	-0.289210537501839	-0.0536165378653964	-0.130494853581937	0.0559418706417373	-0.192598880423699	0.29469121623641403	0.166270598987192	0.159840138228678
TCGA.23.1111.01	0.0423176346411896	-0.0870707137619405	-0.365298599944401	-0.367621915939843	-0.107822662639171	-0.168416914190241	0.0524152598814701	-0.262465915813063	0.11485454264185199	0.0493212411833205	0.0166564779319157
TCGA.23.1114.01	0.0686604336395235	-0.0173095657199892	-0.41779250692536896	-0.41438573679607205	-0.185374614937948	-0.22560135058101002	0.0749610448757445	-0.286476317053039	0.158856142865057	0.0114921441754166	-0.0188188615487301
TCGA.23.1120.01	0.06359359133321499	-0.0496554503591286	-0.214399772291062	-0.195055071379337	-0.0210648487264699	-0.0734603416268115	0.0573910015304174	-0.0536740521788867	0.447232209565851	0.29995088873066494	0.400859138923817
TCGA.23.1122.01	0.0946124613436426	-0.0728167218525984	-0.327311674071101	-0.371642579818735	-0.18098044238045602	-0.156416258537561	0.0426778342367335	-0.21557532771674695	0.3258216471401211	0.15249675230640197	0.186698511395958
TCGA.23.1123.01	0.13148439594716999	0.0143155946026095	-0.111763696719351	-0.13351127374531901	-0.0221710122194031	-0.11979345955264502	0.0730534349287761	-0.00112750863808096	0.47379746442118503	0.301650990168002	0.394017525947493
TCGA.23.1809.01	0.0431108737860312	-0.0774564154594266	-0.38296711005139394	-0.332879615829067	-0.22401282521785998	-0.231498828602875	0.0582086949162706	-0.277697170105662	0.16686171550867998	0.0278024779870828	0.0524572583776548
TCGA.23.2077.01	0.106573108171569	-0.0288453020452087	-0.265156822928964	-0.31181696339055504	-0.0643724383706767	-0.044816195068452004	0.055970406822049006	-0.14935205016976402	0.394330473555212	0.236681198865857	0.259959036152434
TCGA.23.2078.01	0.220661066203066	0.00697542422811069	-0.0679670050479399	-0.17974630281901396	0.0779194314752632	-0.0452226732548001	0.077796836013234	-0.0525958637303607	0.34565945292306605	0.19137960221986397	0.24704223131227804
TCGA.23.2081.01	0.0501188113073435	-0.0218015390950707	-0.360881237253035	-0.327697192083448	-0.143986907699582	-0.0717233662441787	0.0069044634824238105	-0.25472146464239004	0.180981559985632	0.0631768131665389	0.0288078491952799
TCGA.23.2084.01	0.0978131088807635	0.0405820556712373	-0.292395787914248	-0.25817647352635803	-0.0731885408596645	-0.0670510839142419	0.20610659648811602	-0.16437229517464702	0.34059028067456	0.18783139865647	0.22553805622984902
TCGA.24.0975.01	0.279522851934706	-0.012782494968323	-0.19877363979181503	-0.22009147367672702	-0.0846261322622244	-0.0653319058196329	0.0572350606738257	-0.09082129982794099	0.301294203941718	0.173639522040645	0.171603299050025
TCGA.24.1103.01	0.039880584555177005	-0.147241335391661	-0.34773209923087606	-0.310169331509112	-0.16517746172457698	-0.179334680085952	-0.0724283925338492	-0.20637761225894397	0.120075054019568	0.0152322216701519	0.0284536268295017
TCGA.24.1413.01	0.0718662200637279	-0.0652770511708132	-0.3560912652372129	-0.310319046610741	-0.0630037389016076	-0.13358763673591803	0.0311124932349776	-0.20647630726182103	0.284492919824815	0.14961066680846202	0.19376480788984302
TCGA.24.1416.01	0.0797648084698524	-0.0848101002106365	-0.390725173165646	-0.299815010418725	-0.133121756677538	-0.101521206092783	0.0977645293693865	-0.199196091644855	0.264529180218778	0.129569952227267	0.09451794975243101
TCGA.24.1417.01	0.128061678563849	-0.00238158506960744	-0.174417921544255	-0.157551131754276	-0.0888154215798309	-0.0318491911723301	0.170563547246124	-0.00936339828683483	0.41499308972897603	0.26313138196812497	0.345453141215498
TCGA.24.1418.01	0.0975719042313704	-0.023041588828513	-0.235883599822121	-0.31859047472435104	-0.109912773739322	-0.161968499633761	0.0750232386194606	-0.173285769434272	0.325028811040939	0.15608829301805602	0.191430903014146
TCGA.24.1419.01	0.0578770168520118	0.00842684188476818	-0.444608210677246	-0.458632609994497	-0.134602443423272	-0.19680369637024103	0.056556369010314	-0.327286402819166	0.107269267365044	-0.00904489332688135	-0.0242080526588253
TCGA.24.1423.01	0.0638271973889209	-0.0608402242886415	-0.315964985286878	-0.24794072162949599	-0.18667428897290397	-0.08677375343692999	0.0474616580385756	-0.16264384862351902	0.21093829480262197	0.105631347049815	0.163624701442117
TCGA.24.1424.01	0.10510680258022999	-0.0597558906623593	-0.306761703126906	-0.323391261304453	-0.11962923732600698	-0.15579052959099499	0.0426708699731753	-0.18134469203181602	0.385239329873671	0.21301333432288602	0.247184755857382
TCGA.24.1425.01	0.13863261404029	0.0023561631930011603	-0.27288045935188604	-0.266152897416011	-0.0749938181563746	-0.0374673912820854	0.17373502783504502	-0.0926791056356935	0.38352634904981897	0.235790768950897	0.215821933915759
TCGA.24.1427.01	0.18697453314358997	0.00110615417065845	-0.13339896556700698	-0.21715721160994395	-0.0309814587623214	-0.11482483790991801	0.19583003018736606	-0.0914317942367922	0.38153904859822707	0.21772605149628602	0.223274537980721
TCGA.24.1428.01	0.126413787015656	-0.00296804725227335	-0.200806899583272	-0.19442297258175398	0.0285552913088705	-0.0708616770118514	0.19629380351663395	-0.0537217637678511	0.457229836228813	0.30074798605189196	0.383721436949612
TCGA.24.1430.01	0.0654312863891397	-0.129890097600985	-0.40198837357296796	-0.39455985080026396	-0.11807377770416802	-0.256856930800598	-0.149188461234665	-0.280655281840008	0.0775555039773851	-0.0264492193977849	-0.0737741688605631
TCGA.24.1434.01	0.21963570221966502	0.0311458182400586	-0.227483497461809	-0.28390032133041	-0.12542006725156402	-0.0369917954401496	0.310123878514447	-0.11521057049927698	0.450598314708128	0.289240304306313	0.30758088427889
TCGA.24.1435.01	0.11409009632174599	-0.0500386182485881	-0.23364312044125798	-0.254816218981218	-0.0880555499595727	-0.0488762720598226	0.135966266942649	-0.153416246091329	0.40282457653033293	0.25605817290495897	0.330327155875785
TCGA.24.1436.01	0.130170420035041	-0.0441209695704185	-0.267742641737245	-0.139467876150682	-0.184951199886047	-0.11543444404745698	0.19811219606173103	-0.06525463486940099	0.421271434680345	0.248433271492781	0.304188836290028
TCGA.24.1463.01	0.0980597321781303	-0.093601088699157	-0.276471921860362	-0.269542946881429	-0.0922214316102577	-0.0695791881026182	0.118795959673016	-0.15586834284512197	0.32273016919291303	0.20161572618415802	0.204224621645109
TCGA.24.1467.01	0.0932402571895798	-0.076783741518434	-0.30615019084992795	-0.275793779355342	-0.0870448222058872	-0.126734726895012	-0.0141813136560316	-0.199756696046125	0.278568411155283	0.1746849590054	0.15496522971274698
TCGA.24.1469.01	0.0664350547912569	-0.0343715334872004	-0.29451762726593295	-0.289932074788743	-0.0839923988307187	-0.19015723618862196	0.0735139611924363	-0.162857560539323	0.27961704411669397	0.13553067333430302	0.20693301319953897
TCGA.24.1474.01	0.0816956501461116	-0.0412586348597211	-0.330173111261324	-0.271090420294257	-0.27382923370872	-0.0947774019662376	0.11879952921151599	-0.20208400971096502	0.414413910436073	0.23393605484957103	0.22373690373586602
TCGA.24.1544.01	0.0383913993993771	-0.0279726516211357	-0.3342851638758	-0.325017887705697	-0.143537949306638	-0.242791391997765	-0.11543333780884599	-0.255300272405499	0.21381042007406398	0.0582445302062176	0.0194028259814547
TCGA.24.1545.01	0.26585313114123	0.0344489414518645	-0.0576954382129631	-0.12304736589502902	0.10029099477702001	-0.0310341033737147	0.029987623407689998	-0.000967715150937623	0.43113936972573796	0.268068445697701	0.373367697500413
TCGA.24.1546.01	0.15124000017356304	-0.0886254967167766	-0.30239354628389503	-0.319225587061728	-0.020813913779381	-0.11195412212815	0.154574479215267	-0.235525328326445	0.358280928280938	0.20630303777211897	0.19421769917610898
TCGA.24.1548.01	0.0603082315774311	-0.0438497865066641	-0.307458141697363	-0.33008361792942603	-0.0204129091581281	-0.166850332331709	0.0902956792250191	-0.203775031762795	0.37879500030710495	0.207036029086315	0.261991824844295
TCGA.24.1549.01	0.07467485005390899	0.0927533000043615	-0.20001043816221103	-0.124105351927655	0.0168435505191468	-0.0251727242200593	-0.0154420345573242	-0.0379132996572745	0.30421870477735696	0.17205081667440697	0.250804838497701
TCGA.24.1550.01	0.26651437621199897	0.0898918371209517	-0.23429915840305202	-0.269979597712325	-0.12378138060465	-0.11142561474573599	0.0546590886442542	-0.0813135520533926	0.46020150563538	0.300970782005338	0.354959294593678
TCGA.24.1551.01	0.154057314908923	0.00120208568464212	-0.16343179153807097	-0.162748940451201	-0.10323387774494	-0.0506965733807076	0.147343563595239	-0.0133991908476584	0.41709274711352295	0.253573550058537	0.333704958160773
TCGA.24.1552.01	0.0290753608296435	-0.0357721050047924	-0.326495297062523	-0.30949064813360805	-0.15453415655855401	-0.108888848629971	0.0291103917859209	-0.264967482298293	0.280411855742806	0.157054932502795	0.101956021144022
TCGA.24.1553.01	0.215844979481518	0.11551277728927901	0.0560000040223494	-0.0117987230445634	0.10646455662731	-0.101646250114534	0.133101374760318	0.12389281272502901	0.44853768193232596	0.27946795437863	0.38807111248731396
TCGA.24.1555.01	0.0528633897638047	-0.13646553521816301	-0.323822263352942	-0.33125107561481	-0.14817000932004	-0.15000954612321696	0.0364555691578083	-0.20645221245150897	0.260341621156658	0.14473830961384102	0.138032660239462
TCGA.24.1556.01	0.0820265521592296	-0.0335407655214127	-0.25245630931441104	-0.21585689493387603	-0.11865331658338199	-0.0994133033137255	0.0293192612887758	-0.0904526263409212	0.38923096067440005	0.22151242923504103	0.28987381318788397
TCGA.24.1557.01	0.0487919420638192	-0.12643608155653802	-0.34307100611483193	-0.37676039561369395	-0.19313415965370398	-0.126057084453298	0.13068852606716	-0.289984659256291	0.326155708463705	0.151225675248392	0.207361976692694
TCGA.24.1558.01	0.0416808657047346	-0.124964240106265	-0.356860373242279	-0.360718598167072	-0.0989514169616175	-0.16240988867315498	0.08379361308300999	-0.231596386337175	0.226782217836519	0.0949128855912697	0.0834623936117058
TCGA.24.1560.01	0.0365075432308177	-0.0146896764857291	-0.34872592569159394	-0.27144099798517396	-0.198859571374983	-0.141658257518635	0.10569173947851	-0.258509194058591	0.20639436854862	0.08471215846679901	0.10050201327329099
TCGA.24.1562.01	0.0867537820429565	-0.024690260756886	-0.21758737206717602	-0.20849743119608605	-0.0761635574717165	-0.0763456624121399	0.136793739762253	-0.09597461060506401	0.273445825724799	0.162502838641314	0.142710738244876
TCGA.24.1563.01	0.066479326964188	0.00478388015473911	-0.24129659277237803	-0.276553271233796	-0.0483787580930031	-0.113450044463337	0.135511733691598	-0.156181283637016	0.31936530028619303	0.192466248637011	0.17700343970251198
TCGA.24.1564.01	0.277815801274026	0.00513779056716046	-0.177615357090429	-0.19915835868240603	-0.14542230686734	-0.137243996411539	0.243931812310237	-0.0721863435046175	0.471598711831086	0.299963628191663	0.32083454070340195
TCGA.24.1567.01	0.0433354991968419	-0.00044777792334080497	-0.383161604536038	-0.4355332603275479	-0.220626166994148	-0.0731164585550231	-0.0753825055323567	-0.315113042409725	0.14184209343176002	0.0538341072232839	-0.0215177043089424
TCGA.24.1603.01	0.0364257921431158	-0.0398015027850311	-0.320329181190878	-0.29381155593048497	-0.23104139301016896	-0.128396810441574	-0.0345775020078916	-0.24007466837327998	0.25605196008958303	0.114765845235109	0.15888671200173402
TCGA.24.1604.01	0.0628233414861617	-0.058127471621623	-0.289040617438958	-0.30524461674763204	-0.0875681094781006	-0.12550322311339998	0.0333492068606099	-0.170490508627568	0.30021323761871505	0.162976530621121	0.21913856990322103
TCGA.24.1616.01	0.0796340423345891	-0.0253209797686656	-0.35442104231263794	-0.267578083163531	-0.20174625902517798	0.00165580243188079	-0.022869613338497997	-0.20362151188933897	0.190924211702984	0.0947367345477019	0.0866753034092412
TCGA.24.1842.01	0.14875974243683898	-0.000452489378464269	-0.11941367849063901	-0.10633019292901	-0.0147487429991572	0.0382939640476347	0.19654709948875	-0.00493495081468883	0.37458212273195296	0.23679389410004	0.33315281287705
TCGA.24.1843.01	0.11725148096474301	-0.00105623428359714	-0.17165585376383902	-0.206374721018386	-0.0021470742012841396	-0.0923212251456077	0.20456510330125102	-0.0714427646774181	0.43193855282264204	0.26382894122599804	0.314403241051588
TCGA.24.1844.01	0.030597000096234	-0.0730815604188816	-0.47089989873575394	-0.43040596453727603	-0.10511640276548599	-0.17386974530646498	-0.0822605137209527	-0.326357168473721	0.247754468299567	0.08643722638816399	0.0320638506083818
TCGA.24.1846.01	0.0635957425507962	-0.0360901405886653	-0.240761768372837	-0.22134030952198602	-0.124871670137596	-0.016187077175519	0.208667263909018	-0.10690088606210699	0.332297395138525	0.217672938859676	0.30904708994765995
TCGA.24.1847.01	0.287094746481039	0.0594038731394695	-0.0466188734608872	-0.0643288705056631	0.0124070017708127	0.000625089343261092	0.12888495276655199	0.0735364615661888	0.410063907447617	0.281585072566625	0.386327924798241
TCGA.24.1849.01	0.30629206628216604	0.013510481093134	-0.0737712723454978	-0.116249803097566	0.0852212521269463	-0.044966845842293	0.304501864490625	0.0349588757050462	0.41777265945078096	0.27361966582422	0.294388049401541
TCGA.24.1850.01	0.0948409098286037	-0.0486370192725861	-0.252772726891233	-0.21938260859400102	-0.0226616699167225	-0.11959865666925099	0.0397173510302385	-0.150755369325981	0.44560006374183403	0.267157430253201	0.29085178670256
TCGA.24.1924.01	0.141138798028178	0.0547208863551312	-0.157023306720421	-0.15560406300364601	-0.0581820494423069	-0.00264393961620804	0.306028109076229	-0.0501829070309641	0.453089814963792	0.284343580738723	0.384566482993197
TCGA.24.1928.01	0.117550746241643	-0.0509668950554639	-0.23814360602051898	-0.242894530534698	-0.128342681564805	-0.0426196348025174	0.12043848681497198	-0.144362497226304	0.366344948322538	0.201608225999043	0.22260300581221498
TCGA.24.1930.01	0.16523744820197198	-0.0063565842454211	-0.14485221827122902	-0.16732407161040302	-0.0026497189344626398	0.0063502859527809	0.232462819526756	-0.0421678710624692	0.47423763934758	0.301808985924864	0.38369788191370596
TCGA.24.2019.01	0.0780092069930045	-0.0420713503375421	-0.2431994229326	-0.25841645717706896	-0.130637107899878	-0.114519890666138	0.0762109181415584	-0.170980620546594	0.323119401823829	0.152454811858479	0.222197969640368
TCGA.24.2020.01	0.0496286319133677	0.12133297718895099	-0.36301392525876797	-0.40063996470491	-0.18229525629316895	-0.11464727274814099	-0.0506674885380669	-0.256263093962992	0.22107972570081397	0.0746697370123954	0.0342914624160085
TCGA.24.2023.01	0.0669113374187962	-0.0432279428782648	-0.234939891427469	-0.19232593739382103	-0.13076939526022502	0.021437853974705004	0.183388414588334	-0.0962582393534063	0.365262637355614	0.222703938743826	0.24283708362818301
TCGA.24.2024.01	0.0414572569357624	-0.10199648175886901	-0.303045553377776	-0.315287889715078	-0.0415582645319606	-0.172213604701932	0.0142859286261103	-0.223516297668157	0.3436503294017	0.19083271193642298	0.18785186198065898
TCGA.24.2026.01	0.11293378447898401	-0.0286033327835723	-0.253606224100678	-0.20127600381017896	-0.007907044084594441	-0.0297891388723141	0.19438349645421	-0.11142925138692301	0.38267775451809294	0.2245842921658	0.34396186285678604
TCGA.24.2027.01	0.0429598479939675	-0.0956986870516079	-0.41520728005831503	-0.36880019410422704	-0.189127144928547	-0.20412281885837802	-0.0862868066824744	-0.267588373609453	0.219029325806087	0.10477393741069801	0.0587706889553197
TCGA.24.2033.01	0.0661354908889835	-0.0465286493131988	-0.34761671528310606	-0.363771564701495	-0.17930783368396	-0.183520079324096	0.0702988161897884	-0.25247887036535005	0.337041558275209	0.17421587394825802	0.165176803968415
TCGA.24.2035.01	0.20570329336841603	0.13499247337470402	-0.179414246917989	-0.19308476815419898	-0.0170861771849436	-0.078446251257934	0.186472045133791	-0.0855343955658437	0.397257862012562	0.25731134550115103	0.32385340405356894
TCGA.24.2036.01	0.0289982321573384	-0.0517253563440105	-0.440829651466938	-0.442515688367998	-0.211687635506974	-0.188527509566845	-0.0315466299434998	-0.339736037074555	0.17033696840640802	0.0368433917330087	-0.007531591902435259
TCGA.24.2038.01	0.0190806902570883	0.0195240785743477	-0.357937137335748	-0.319068293857705	-0.0601321752660754	-0.137143698773002	-0.0421232346153405	-0.22963009686238697	0.227620995927068	0.11794627067311099	0.068292961732419
TCGA.24.2254.01	0.0832224413682712	-0.0976295827328987	-0.372392342937129	-0.35834875231671504	-0.20543487136866603	-0.0991296509226401	0.17622040568493602	-0.215122019823957	0.35263982911954106	0.23004454284281897	0.12519214801238798
TCGA.24.2261.01	0.15727907777546202	-0.00549037960433035	-0.106942174391668	-0.12683451603903598	-0.125391487711651	-0.0492803052945616	0.0806201409375271	-0.0102184627941013	0.44037417038625004	0.26779662390707	0.36692931709894394
TCGA.24.2262.01	0.240199011296367	0.0036685956102645	-0.20578949870397303	-0.156713981625008	-0.0350690913534892	-0.0427450709409734	0.0986025378214354	-0.0891606263172924	0.26118167160468503	0.131316609893302	0.19540762465047304
TCGA.24.2267.01	0.260970212045829	0.0224741765454772	-0.12882803543794197	-0.15168024157604298	0.14078485418904502	0.000408940326944388	0.131232230288993	-0.018403385546028998	0.446123285417364	0.292913107407015	0.418451498941399
TCGA.24.2271.01	0.20324798681317602	-0.039400627332889	-0.147829831747132	-0.18823414530041396	0.0177353024624623	-0.0416483244780934	0.21660787320176397	-0.0599679039311972	0.276196692016683	0.16302586090961801	0.202475801525863
TCGA.24.2281.01	0.285816003462393	-0.016287590292258	-0.151403331439289	-0.20565449210567602	-0.0519051121188893	-0.065718710850052	0.150537008883435	-0.0537245425734215	0.435451531959885	0.282083503254482	0.366994568545731
TCGA.24.2288.01	0.241837897172594	0.0673048132646657	-0.153117710041457	-0.141442961157194	0.0854286008659572	-0.0565846764541538	0.0699370302884956	-0.0476346097223223	0.389829982400226	0.244320246943314	0.290212307254042
TCGA.24.2289.01	0.20355580866227999	0.0122979456180587	-0.259119835083341	-0.251444673808655	-0.145985105958484	-0.0599323990550451	0.212578444260558	-0.135203631899121	0.42381537489741	0.25980435758674697	0.236140729445682
TCGA.24.2290.01	0.12824172854090501	-0.0856901721055765	-0.250805672465299	-0.303130522897729	-0.0424645268668772	-0.0226880998196519	0.227920723439184	-0.14636704166688502	0.41240896708098096	0.269766500440864	0.263524199805001
TCGA.24.2293.01	0.285228134930075	0.0101531475419884	-0.147473458791698	-0.196007134741864	-0.0701726850454249	-0.0176159963458806	0.19191169443186898	-0.0458850894616596	0.41264752660670506	0.273441918317499	0.278151354650498
TCGA.24.2297.01	0.05245773878276099	-0.0980426349662738	-0.36577263167581	-0.33939970672396697	-0.0916983167340105	-0.134449605108425	-0.0677632625868349	-0.253718444320428	0.20031462993081398	0.0626182244784051	0.0870122807555286
TCGA.24.2298.01	0.0981382460418592	0.0445464126512997	-0.310747378276391	-0.285465299760718	-0.160400311608527	0.0249312187287298	0.18206744598279997	-0.206896798454646	0.261467137591822	0.11282288608848899	0.11671071153753901
TCGA.25.1312.01	0.0485135145087017	-0.05738854141153299	-0.35087539296772696	-0.33711887551574105	-0.146165940206271	-0.159069470130975	0.0257843545340399	-0.22840405745020603	0.38167122649917296	0.188093493753418	0.196824762602508
TCGA.25.1313.01	0.12134383655685302	0.0261696639772805	-0.317430352082253	-0.274455171274735	-0.0793857920123519	-0.051943842614102995	0.232385829220388	-0.174755576044736	0.45039076762292696	0.297163738058608	0.313113989890049
TCGA.25.1314.01	0.0682890602807673	-0.0554609085196148	-0.235711298668562	-0.238143717347934	-0.13583688802407	-0.16539583952096099	0.0784850084586426	-0.156201632594429	0.283389315316448	0.1447388493666	0.162513870082679
TCGA.25.1315.01	0.0324563526413264	-0.0726473485276276	-0.442132594075223	-0.416315980095516	-0.215456219065553	-0.174376611070083	-0.0740776999007364	-0.32426200371701003	0.13392511022039502	0.0118094635207956	-0.0262261964704374
TCGA.25.1316.01	0.050487431433594	-0.0522159775428312	-0.18652312711381197	-0.10338597158974198	-0.048570711344816	-0.163848339163194	-0.0155757717683797	-0.0808885202428563	0.313084181121206	0.15185254752990698	0.18331656881405498
TCGA.25.1317.01	0.0542586076608012	-0.0380485617148383	-0.315710095403903	-0.34555773117846994	-0.16331468688765802	-0.210803656019795	-0.108259796245656	-0.24080556723024105	0.20600790241303601	0.0937439457663079	0.0830463057252045
TCGA.25.1318.01	0.0857061008418422	-0.0313235374056362	-0.340133795724049	-0.35833856037359996	-0.165808196242725	-0.0451541978044797	0.188398068467522	-0.236017061701025	0.341184545099662	0.186894261319547	0.16869740854737802
TCGA.25.1319.01	0.0614181375320645	0.00783350127861819	-0.23696906784586103	-0.26783692563487804	-0.152461377743759	-0.131149123549323	0.0174334642510936	-0.17738309049309897	0.36296871295067695	0.207846031957905	0.23375848216001
TCGA.25.1320.01	0.0934312264497452	-0.0577983859947666	-0.265748759618398	-0.308844157470937	-0.057273711568395995	-0.12188444431280099	0.11497726359721198	-0.194868376836637	0.3553649072832629	0.20139719353483201	0.199446536124235
TCGA.25.1321.01	0.0603703572951362	-0.0382651128882943	-0.380128065371575	-0.377375447034137	-0.0589381491129238	-0.185451787080572	0.0305512276200151	-0.290143201606617	0.264657158835586	0.108275045224625	0.135119511519401
TCGA.25.1322.01	0.0704647972268537	-0.0325475517875825	-0.35369195365381106	-0.296486673962211	-0.071648943517761	-0.0743492282563242	0.0673563477300419	-0.212237044372469	0.436227323285473	0.268840400640085	0.28132422347805297
TCGA.25.1323.01	0.0730886140395967	-0.0668401942498314	-0.37202423975534404	-0.397422730634215	-0.11890161365598499	-0.195650421346451	-0.026401901294470002	-0.280299760606347	0.29192370658799	0.14249722522483899	0.11019629439746499
TCGA.25.1324.01	0.0361817145571132	-0.0540508596917663	-0.23915311498457	-0.26509471821262	-0.106812334365585	-0.20529316896998998	-0.20137036205112196	-0.18566077917044896	0.148811552168644	0.00468309921178205	0.0831403055616112
TCGA.25.1326.01	0.130034115297526	-0.0131923097114816	-0.222721075890442	-0.264332841233644	-0.0777022623360746	-0.0968555944689483	0.126900944438904	-0.14350037826493803	0.446856619040424	0.280014442283111	0.32663057297105297
TCGA.25.1328.01	0.0743640076099938	0.0824555074347163	-0.261296425815719	-0.22664119011756398	-0.041791382377153005	-0.0338826915051258	0.0807539213607259	-0.13291803967419502	0.297594104131653	0.18849547848727102	0.131889140753195
TCGA.25.1329.01	0.0849829520423264	0.00449012384659825	-0.263331928305617	-0.30006058875594604	-0.0123671010133234	-0.14345444628366902	0.0219763136000291	-0.187787236802286	0.362694961595745	0.184080201620249	0.151988634189529
TCGA.25.1623.01	0.374558720171815	0.0848902610732972	-0.0601081445965124	-0.166901105956965	0.0509265353102688	-0.0124916420071764	0.30109497525400103	0.0411868280498358	0.48112925066953005	0.32029165155453004	0.384526191438291
TCGA.25.1625.01	0.145954435657894	0.0290894894753915	-0.27999843323993395	-0.232058591871816	-0.0260672959829568	-0.0540449715580868	0.27132662455118106	-0.152229491983173	0.378688815495591	0.227681535758261	0.220627567783173
TCGA.25.1626.01	0.349778845176889	0.0427566418470873	-0.08396245175445899	-0.157182368546309	-0.0551046201683616	-0.10094896862500999	0.284235997065903	0.008239893879306391	0.466243403952978	0.283458347940156	0.29961005814573805
TCGA.25.1627.01	0.0784689981115414	-0.0782851715929075	-0.295440890178284	-0.302912484618524	-0.0297771112247666	-0.21748571232984	0.0033688174101336697	-0.218051430044126	0.25535929748166797	0.0987617177834686	0.0888174015661305
TCGA.25.1628.01	0.20505715131183397	0.0123014523926388	-0.0991653458297359	-0.15769216104709602	-0.0936372904992278	-0.10254139842621099	0.0752083891997337	-0.00387118911847071	0.432600814007373	0.265115942309948	0.347983867162329
TCGA.25.1630.01	0.34958043971553004	-0.04783918032522401	-0.262352861234311	-0.25404838347828795	-0.0741756384686015	-0.0991760053886938	0.15945954863367903	-0.12286988781027099	0.40419556682675195	0.269346282065789	0.24785342121179302
TCGA.25.1631.01	0.0889991635652646	-0.0254783180188977	-0.344737877382866	-0.341376244696569	-0.146724107571176	-0.11224095673094998	0.00604117001359861	-0.242377706632897	0.308126208088473	0.176061743213448	0.149816829929636
TCGA.25.1632.01	0.0260279708675005	-0.130714716781974	-0.41347187215553	-0.41171424057036	-0.11731749726261201	-0.19212187075668696	-0.0420176354848313	-0.30802450809155296	0.173517367069055	0.0280299094825735	0.00536275699095748
TCGA.25.1633.01	0.186211318914574	0.0327027590535235	-0.13967434016832903	-0.203694932843193	-0.0843589202184923	-0.0598602673490181	0.17156534084109198	-0.0329298644863408	0.40459162041925495	0.234089402906393	0.27969196247229
TCGA.25.1634.01	0.0487971772333669	-0.0729670608018613	-0.33646753689352804	-0.35557565192380897	-0.215502064401299	-0.24915247393589898	-0.10384683766345501	-0.31364834874306	0.0519387636799232	-0.035434549666886	-0.104348314703229
TCGA.25.1635.01	0.185723651595182	0.0900262838595738	-0.16871563805268303	-0.243523451085563	-0.0978107812165442	-0.101709382403176	0.10109299197238698	-0.118582750277429	0.368962065184384	0.20371801653365199	0.263107249202071
TCGA.25.1870.01	0.0475504537522254	-0.0710971915147747	-0.38773015648821896	-0.34793151128799604	-0.0617828665468241	-0.164352110027144	0.0459972448512454	-0.214590145429046	0.3785495661395471	0.230724642066571	0.159516548750442
TCGA.25.1871.01	0.0135932355996951	-0.10936659112700399	-0.37404648973976096	-0.3692621422389679	-0.197882492203064	-0.268788449201429	-0.145945720306768	-0.31461679056313896	-0.0557921800802554	-0.13979224343926902	-0.150810849957686
TCGA.25.2042.01	0.257686276881277	0.0370335974762346	-0.187294972326822	-0.24767805155474898	-0.0118778264272875	-0.0406593765531516	0.278990564090645	-0.11492135233249699	0.38074940078719305	0.229393227753805	0.16660159572166902
TCGA.25.2391.01	0.122861755317818	0.0331493737264942	-0.272230263339988	-0.270582704976073	-0.19809984484262103	-0.0893040527915733	0.113051198776036	-0.16507870318711598	0.352625070884948	0.180935406072517	0.22511665611209103
TCGA.25.2392.01	0.22456162581386	-0.0548157404326697	-0.220420548099723	-0.28611424388568496	-0.11869588242686098	0.0679041477062403	0.23646029793447	-0.145044425240855	0.477108805247457	0.2969574858263	0.31931248608352697
TCGA.25.2393.01	0.13646905523483602	-0.0492953293166116	-0.235661126784109	-0.273106276426715	-0.10541134641866699	-0.0993083511220415	-0.0211480581558687	-0.15017370155749699	0.28428669152143	0.136746414506993	0.147714924226353
TCGA.25.2396.01	0.0722675881229624	-0.00877717121719849	-0.196551228636281	-0.180832012725262	-0.0965385456052573	-0.10627774547785901	0.0323023276370085	-0.0767865006308834	0.423357330156071	0.244831495658862	0.34071805893504403
TCGA.25.2397.01	0.0774845554657498	-0.120963550284282	-0.35697939909452	-0.30499145529206	-0.204045211827472	-0.109681733396949	0.14618447323467498	-0.23491967195003896	0.312942260475999	0.16860440828420697	0.124375971581048
TCGA.25.2398.01	0.0825395809050095	-0.000687714492549233	-0.22075756580729602	-0.29574381229278	-0.10544873458863001	-0.176257390313474	0.10812643002583198	-0.17103757149881502	0.347459618262815	0.23521804275389702	0.19066361151992803
TCGA.25.2399.01	0.128931226117247	-0.0341531460517938	-0.24953284051879	-0.180220609645635	-0.11127535670024098	-0.0696198795642168	0.11031799842170499	-0.0745571438263357	0.39152535466997207	0.24203843842742498	0.27267391027438
TCGA.25.2400.01	0.0774210441786634	-0.0519439716237478	-0.369470230598574	-0.3582832417663401	-0.14055298811876699	-0.164967877297608	0.105124953622441	-0.236743285725683	0.35992891449940995	0.19671885202901396	0.214743219227555
TCGA.25.2401.01	0.259829666479657	0.0176995235509757	-0.17545834766713098	-0.212010079151971	-0.0543589170708605	-0.0379147072079485	0.178759417639613	-0.0595627878299082	0.475393853313765	0.31833137049934496	0.37644616824789295
TCGA.25.2404.01	0.10350336225151599	0.0419369210828103	-0.28628393779959305	-0.282736827949285	-0.0880570352636561	-0.0666706333362987	0.153369098451643	-0.15344035741685	0.34583143498241	0.18635081742366	0.244969056900211
TCGA.25.2409.01	0.11999412234872099	-0.0508678527530132	-0.25392870030813003	-0.18356838404787998	-0.0569300150625085	-0.0949830510764219	0.0352088942268753	-0.0801533290688548	0.386629763629741	0.230937108635639	0.26261921564242197
TCGA.29.1688.01	0.10318966920191901	-0.0582442776298393	-0.189376493712331	-0.18155092944068105	-0.12097230399494098	0.0671853329590455	0.24538060227215197	-0.036056155164885	0.436242272198133	0.268990272529926	0.34010985501132
TCGA.29.1690.01	0.10886512546563001	0.0833166011344806	-0.18051178856107603	-0.21619696728718305	-0.0970456346921371	-0.0126471793406284	0.149272905848866	-0.11595509632716	0.377751483374858	0.26495817544872896	0.186238142519242
TCGA.29.1691.01	0.0784900989578772	-0.058441064131202994	-0.30134065835267	-0.30070098614350105	-0.13700834471363402	-0.18376327351433602	-0.0266728970622107	-0.16785977171023403	0.345675269978557	0.17695169273542002	0.20820291022283
TCGA.29.1693.01	0.0872511918861857	-0.0130848592126235	-0.26069718148966503	-0.260113305087659	-0.142373807299121	-0.10704740943010199	0.0592352071135988	-0.173736510279851	0.34386331908054807	0.187191467583156	0.294406333120919
TCGA.29.1694.01	0.0985181362756585	-0.0202387235026766	-0.260558680630209	-0.282740464577761	-0.10434459649407199	0.0341024717899015	0.10773393212078901	-0.18989013057649698	0.28284662599275107	0.156416310463111	0.173966062379771
TCGA.29.1695.01	0.13245443734644302	-0.0342788859779141	-0.16551504813765303	-0.178672025133187	-0.11945406388568901	-0.0830435566175331	0.205730417716964	-0.0785358174979972	0.44214427584649896	0.28943340774707804	0.30956911597179
TCGA.29.1696.01	0.0310399089453129	-0.0748452982268715	-0.326069187601073	-0.30443634377483697	-0.110632849489535	-0.130052921711382	-0.0581956907498907	-0.231634463662095	0.18977383769540002	0.0603688191201728	0.136970200982442
TCGA.29.1697.01	0.0389279538091999	-0.16102918207970698	-0.39263207265049704	-0.313424240712848	-0.256317828152887	-0.22143964370924302	-0.0755307349539274	-0.27149916767851395	0.21354374306216103	0.0653281236412862	0.0825123262136984
TCGA.29.1698.01	0.100323962712601	0.0322250394096211	-0.23925204189527602	-0.276907942593934	-0.151333193238197	-0.138942245534293	0.0537812094316516	-0.18559469377453602	0.315596828617671	0.15367582959197598	0.186940391802463
TCGA.29.1699.01	0.136788072788647	-0.00530208075436111	-0.23974208451092702	-0.180286458482372	-0.0687671606063414	-0.0517040706671338	0.102636636443331	-0.0670255241055062	0.46876740945402	0.282547865451848	0.375338495750631
TCGA.29.1701.01	0.12368942906132599	0.0721659349711274	-0.182809287243634	-0.205668680512749	-0.0352721324459691	-0.127349534051515	0.132645584586709	-0.113418976756466	0.38135726041803897	0.245536594053199	0.306766662938607
TCGA.29.1702.01	0.045933594859712004	-0.06726717141321101	-0.364018824206944	-0.428260385509204	-0.20355802719312602	-0.23545394902687802	-0.0349187760010402	-0.321920104554698	0.17497953488766801	0.0529595087149717	-0.0175708276306496
TCGA.29.1703.01	0.041575639338058995	-0.0486757520773984	-0.305384794843922	-0.262886152531982	-0.0153752472236332	-0.120792429963365	0.0178844002981129	-0.20821228526616298	0.282486573611995	0.164438807467443	0.13342681561528902
TCGA.29.1705.01	0.101890937593039	-0.0276027717933924	-0.24455702837070897	-0.275661923886628	-0.131180712889127	-0.0953808103923421	0.052690037032913	-0.17299687197736	0.337182419868588	0.19581873725092602	0.16493976741450198
TCGA.29.1710.01	0.311696648165414	0.0779593900944839	-0.0987162607264322	-0.0518954991724772	0.0388467296927883	0.00023782262251497403	0.173530584804594	0.0734007862969865	0.419872696133617	0.280185323797171	0.33833636459205896
TCGA.29.1711.01	0.122876326172174	0.0264383844430713	-0.16170325112078301	-0.10296242984140899	-0.0386935165318642	0.0182416324042169	0.0659271191803451	-0.0230936896627293	0.414583132241933	0.285921605063495	0.376507962725693
TCGA.29.1761.01	0.138089962518046	-0.0433804204782859	-0.22106812337040196	-0.169491824323371	-0.0591671392987625	-0.056782552986733	0.12581438347149498	-0.104022173853241	0.36949865382215	0.208399408596894	0.28760959142230996
TCGA.29.1762.01	0.0678286598463512	0.182175373141624	-0.38551302733538895	-0.43635574560220897	-0.225652454859246	-0.146654000791511	-0.0456688186446498	-0.336710803163084	0.30304962455290996	0.182268024674927	0.0760977032469138
TCGA.29.1763.01	0.0955956033758019	-0.0034093777334368103	-0.30109764665187	-0.321138608474927	-0.160716178142143	-0.14724402254337	-0.0505517465535321	-0.196310414308534	0.397485370646815	0.215667311941363	0.228136419982251
TCGA.29.1770.01	0.058746397254464004	-0.0697549038173098	-0.30676556375099295	-0.289212546660818	-0.19015547341634698	-0.191672921278129	0.10763792720068302	-0.217426432240871	0.286606982454641	0.15280762649811097	0.102654413531031
TCGA.29.1770.02	0.06643919633063901	-0.130384488598699	-0.36860869783416206	-0.28085515213577195	-0.153665471889888	-0.12441116609008199	0.0330982002330796	-0.19429010367833302	0.213692641108132	0.125964675378443	0.0527849275274149
TCGA.29.1776.01	0.0576512235780922	-0.0133873206539446	-0.268700445568985	-0.28541800350776797	-0.0645532413189725	-0.14510063785297	0.0188805731970546	-0.19180231990484498	0.300727102315022	0.16307572375142998	0.18206768902377102
TCGA.29.1778.01	0.110293838982789	-0.0214464539277037	-0.159631943737441	-0.15572159097523802	0.031864376685595	-0.0678431640610193	0.0323838456394568	-0.0401013962736865	0.355211290059141	0.228058408768595	0.294384491731146
TCGA.29.1781.01	0.180813039196654	0.0558953956999316	-0.0306259844782037	-0.0502668424295821	0.12177035996693902	-0.0283633557086552	0.0613224499510242	0.0453627025407458	0.482557242130696	0.320743284797166	0.42562475033381
TCGA.29.1783.01	0.12143549656629199	-0.0345128207840906	-0.222581648663668	-0.281000714847364	-0.108851006058391	-0.132709454465761	0.083651681301636	-0.14903093232762302	0.39998148338088496	0.250402297715987	0.31215235047323203
TCGA.29.1784.01	0.159674849556211	-0.0109756596633745	-0.130104045159009	-0.19025069113105397	0.13424675714277198	-0.021384130163014	0.11622028905966099	-0.0801243125265017	0.437082806566822	0.258961689630136	0.38954477024441203
TCGA.29.1785.01	0.0965779459706547	0.020716201338147	-0.10533505070300699	-0.0878107570016037	-0.0317587659530989	-0.0290409844605958	0.0707652978491443	0.0317714450391015	0.437265041791724	0.292206445678337	0.40349817106797903
TCGA.29.2414.01	0.0471988761343119	-0.0762316869762216	-0.32444019694281395	-0.41239510211186	-0.0856562945196172	-0.230324803245215	-0.0534806783563825	-0.27798436337677396	0.19220449325184602	0.0552358280909954	0.0365745007676282
TCGA.29.2414.02	0.14967459801584	-0.0268319860811264	-0.128909603828708	-0.184088250812796	-0.0233125756631632	-0.0951361303244679	-0.0355488592253889	-0.0450685939634474	0.329382263854264	0.170641056846006	0.298804549211357
TCGA.29.2425.01	0.0610344963400271	-0.039598321282215	-0.262552431345455	-0.279226112798099	-0.0107533284198052	-0.184528017278458	-0.0417716224149258	-0.153337992002268	0.329673720543204	0.20697026355560696	0.225206738368819
TCGA.29.2427.01	0.290086382204691	0.0593528848876471	-0.0289797356587072	-0.00912145477675859	-0.0118792500048364	0.0675773093033317	0.23500505833639398	0.0979192223366471	0.474768992443073	0.340795719465523	0.435793778488477
TCGA.29.2428.01	0.11744403508036601	0.00867528412907888	-0.0419482965165147	-0.128202887273586	0.0397184074276489	-0.0624838984708667	0.072667960334084	-0.0119023044132543	0.48573704840792103	0.304835524652975	0.38068119077052204
TCGA.29.A5NZ.01	0.0326013567720752	-0.00593481862213846	-0.196551979475291	-0.3276456014885711	-0.157377853792346	-0.140630121810852	0.0333734072113763	-0.206572594817172	0.21146264713496302	0.0744415943792361	0.0952154652151384
TCGA.30.1718.01	0.166822777241379	0.0642596559340215	-0.20108325014732603	-0.24669914254563	-0.00667212185356861	0.00349177713371734	0.0552137907256259	-0.12237511799979199	0.39371048094014005	0.247391771829472	0.28994188470858695
TCGA.30.1855.01	0.13550598328649302	-0.0132381123295725	-0.20274465251670004	-0.21852211272939998	-0.0699404593796896	-0.107766081958658	0.0644527777718358	-0.107494870380595	0.36313481160964295	0.20395383902692502	0.27666493076288895
TCGA.30.1857.01	0.124668841027062	-0.00322552380815914	-0.18687494151573397	-0.21572263916075798	0.00669774134938964	-0.0968348629955809	0.0990392162779979	-0.0860147494971519	0.329872322354139	0.225164622297494	0.272760255361837
TCGA.30.1860.01	0.209468642027908	0.0188746856481066	-0.0778776610290138	-0.0198316931563712	0.0293003164153516	-0.0554387371326951	0.0818721579120418	0.0580773268933534	0.41786287020438106	0.256900689724625	0.408082191439196
TCGA.30.1861.01	0.0827317533894677	-0.0698177639286045	-0.313260346855812	-0.409823198293707	-0.16387594454815899	-0.163720831644317	-0.00167521664060252	-0.23917710025522304	0.222167619561508	0.0882922254903264	0.0552484116100958
TCGA.30.1862.01	0.10386692887739801	-0.034443260282720004	-0.24247357928353197	-0.246037692361457	-0.0390549444150278	-0.0841932348173656	0.16284287683756699	-0.165310215868996	0.336168283569763	0.186368096187208	0.200744738851072
TCGA.30.1891.01	0.12807652409319198	0.00910506696294645	-0.180884426699031	-0.216453040874403	-0.0644719883800972	-0.12864799751724398	0.0208656714992253	-0.113131300768769	0.351593397040701	0.17876833345159698	0.229682610968344
TCGA.31.1944.01	0.136100761186679	0.00903910571960326	-0.25903406435153703	-0.294663030209531	-0.0539973370623296	-0.0967664765733681	-0.0108314250281578	-0.164761247798245	0.326052718911104	0.19999463889412197	0.242260548959742
TCGA.31.1946.01	0.169152174769555	0.0041117612926156	-0.20163540577074499	-0.25190206438654394	-0.117358256025331	-0.0472866604154853	0.148665566454427	-0.12177482715265199	0.439882307999591	0.28795672425727903	0.316176446731606
TCGA.31.1951.01	0.11196817905790898	0.000888137750826784	-0.177543725626593	-0.172289624506513	-0.0966538403156637	-0.0165658271705573	0.20386993481364604	-0.0500846654759159	0.426040329318377	0.26829424524211	0.36608184134699895
TCGA.31.1953.01	0.168323688974648	0.0604237112827742	-0.11841106045027001	-0.043802943642219	-0.10038104736945198	0.0931875346738507	0.267757330447103	0.0545610398463208	0.42079539415826395	0.29024546448792304	0.371286485943956
TCGA.31.1956.01	0.24576093820874698	0.0934633567339574	0.0445953868680892	-0.0478928796678326	0.0558245068450115	0.056622538564435	0.240872759863827	0.0813948287946471	0.5013719322841149	0.376745543142081	0.47169419720913297
TCGA.31.1959.01	0.227924559809147	0.00439239918464385	-0.166890867532793	-0.192642914218221	-0.0927193497024215	-0.0662355631532385	0.0964431748517224	-0.0743010153827745	0.438215576587565	0.266857586749693	0.269992305669935
TCGA.36.1568.01	0.0935719059023287	0.0167565117741022	-0.22055941205669	-0.23455514402047198	-0.0774535784685985	-0.0238220433830748	0.15359202987745701	-0.126416218159687	0.318092917560729	0.177705575754463	0.238367686402358
TCGA.36.1569.01	0.19316145683348	0.0007153405348912469	-0.0727720085459043	-0.166236445704031	-0.0355536103428222	-0.125125336665104	0.0780481183658732	-0.0354764312504207	0.374351598282872	0.221233786538891	0.29047566138027503
TCGA.36.1570.01	0.0476916257280437	-0.11951534514258699	-0.35849164479400797	-0.347417278605067	-0.20054179059530197	-0.187869548434957	-0.0678327687659072	-0.24206249658342	0.30227301275270896	0.16238031282106	0.202156872417268
TCGA.36.1571.01	0.0349886524640863	-0.0878214926782175	-0.33192297357344297	-0.305579437061802	-0.198855919741272	-0.219465910494972	-0.10577497108416001	-0.262963645224631	0.17156640737342702	0.0312364230676322	0.0653637866225027
TCGA.36.1574.01	0.0676045754009177	0.0559023921668937	-0.23803883308843102	-0.27119460071630297	-0.0495204276118565	-0.0020821912903197	0.140098300891358	-0.14782584590473002	0.353906512358891	0.22205110071681197	0.30020613119726003
TCGA.36.1575.01	0.0258887164645988	-0.0886941817740401	-0.393146498646607	-0.44667715965816795	-0.18317746808410498	-0.261758306273252	-0.123392775215147	-0.338283241512364	0.116486085879217	-0.0155557756523306	-0.0454434959753769
TCGA.36.1576.01	0.265219649942059	0.0541519389895605	-0.0601682984734021	-0.158043712825727	-0.0355071784094007	-0.08656081063927	0.15273406365345402	-0.0141912779355477	0.44226150844735895	0.288928432683218	0.346619401984609
TCGA.36.1577.01	0.10355779297518	-0.0956309461045077	-0.376550151880557	-0.419559700363919	-0.271219221680639	-0.119406713404837	-0.07089484980598	-0.282803284138407	0.149423402769516	0.0487578837576645	-0.0260005925720417
TCGA.36.1578.01	0.0895173663587279	0.0233854408098406	-0.141692825290692	-0.14007184448467097	0.0192834124943769	-0.0228661553215123	0.109349737348229	-0.015389292075948	0.35386010509884297	0.266162260747994	0.345303832077628
TCGA.36.1580.01	0.15122252526839	0.0275060936973974	-0.143116260602165	-0.21185460134342102	-0.12237490321821401	-0.125130410547721	0.0936497600040967	-0.0859721924683278	0.384478030660976	0.23801432818282198	0.28881982979818893
TCGA.36.1581.01	0.19495238585378	0.0491702348957479	-0.0710412013444947	-0.160113406631415	0.0932876079795713	-0.047671627750699996	0.211462416387285	0.0038308333030874797	0.39796610693421797	0.23882966402036498	0.36670159694928706
TCGA.3P.A9WA.01	0.0767658859551187	-0.17228792621406902	-0.29654439933216303	-0.340476227611814	-0.0827515388169935	-0.121577230652563	0.101985680248095	-0.23211058099328802	0.158748061331022	0.0734815010631303	0.0620632264349317
TCGA.57.1582.01	0.078132454921112	-0.0606893707542631	-0.224951044059218	-0.29683781902227396	-0.0696463838321325	-0.14604655857749899	-0.01720424031723	-0.191868173140058	0.302992600769057	0.154916623209263	0.17922370727089001
TCGA.57.1583.01	0.0199933118369598	-0.121629562191613	-0.35853617963714207	-0.365089935452049	-0.11064762294919199	-0.0633387707123352	0.0728931086605259	-0.251854259650514	0.0849907365425209	0.0234068396499639	0.0176216456740759
TCGA.57.1584.01	0.084977140411361	-0.0854767650221688	-0.328772526809638	-0.27697515101234305	-0.14414955759485298	-0.0657150702877746	0.14612113005983998	-0.191076937883417	0.346071667545079	0.214568245602477	0.17748059871331603
TCGA.57.1585.01	0.160712922203324	0.0237720584969098	-0.18015112029873498	-0.277300776779244	-0.0273192594418789	-0.10865565943599499	0.20115117786515602	-0.129623468217327	0.33023081321787895	0.22364695013348102	0.180427309920093
TCGA.57.1993.01	0.0461623500042855	-0.101011856495332	-0.348037751236282	-0.386746767872386	-0.0880380143766395	-0.178914051735515	0.10314787478803099	-0.257141628680523	0.327406369590312	0.15580710368995598	0.136208767035703
TCGA.57.1994.01	0.14566989527991503	0.0089858366051505	-0.13432536063617997	-0.166890273880708	0.0181193076981997	-0.0816565639109773	0.0524732098091903	-0.0424198245750728	0.413425565998585	0.23408618888555702	0.320662589760973
TCGA.59.2348.01	0.160368187306793	0.00275994248904112	-0.27166122952453603	-0.201282764178733	-0.12271676456100099	-0.0886167339506425	0.182865158552037	-0.166345205569186	0.289878003799247	0.137201177754439	0.173032839267415
TCGA.59.2350.01	0.17719382904937497	-0.0815506462434987	-0.310991294657135	-0.261568405340986	-0.19189199383057398	-0.156964939795799	0.129357534573519	-0.19862274164711496	0.34459518337763695	0.183965788681003	0.208804585643095
TCGA.59.2351.01	0.24905811553707302	0.00280602611047808	-0.17753839564075302	-0.20353376308814602	0.150185627302479	-0.0424091716288202	0.194697883643101	-0.0996991034088694	0.438003826996569	0.27807336020675	0.362515622837887
TCGA.59.2352.01	0.124038099115378	-0.0199612803405974	-0.240328380452738	-0.23647007232491102	0.0251571644384562	-0.0918019018289938	0.0168917506854423	-0.0945536451969009	0.39280783465040503	0.22508138304936104	0.33715394581959096
TCGA.59.2354.01	0.181476160428926	-0.0152779815185387	-0.205321365518027	-0.151271782997354	0.0119934829966184	-0.0371828776672663	0.11962498627407002	-0.0322045061398412	0.3841857342257629	0.24197938545941602	0.291737888889057
TCGA.59.2355.01	0.100392164166923	-0.0191971059307986	-0.23373040411029397	-0.261158307287537	-0.11608866686316699	-0.0750037244230787	0.12168742410873899	-0.147037515345834	0.340264702288389	0.19138858462164898	0.24531929720649
TCGA.59.2363.01	0.0707535155071006	-0.0604858982777326	-0.35936328317800603	-0.36536058185287296	-0.167783645102128	-0.211837219598404	-0.0580546071463749	-0.22130350129069898	0.134310364838584	0.0454711593710436	0.0298306755302671
TCGA.59.A5PD.01	0.174489345924953	-0.0906923385952191	-0.27665773366630897	-0.228840697582758	-0.0150433417694063	-0.15701997714041502	-0.0282875831975549	-0.18764740801634197	0.255023968286303	0.158426956627613	0.140638168806613
TCGA.5X.AA5U.01	0.0116465384656883	-0.00740376087967053	-0.453546997884499	-0.388561112961555	-0.14598760129579502	-0.19809351586813398	-0.0504512775912751	-0.31840196939091303	0.0684790866001242	-0.0312303438843692	-0.0618550669737372
TCGA.61.1721.01	0.0557718264713908	0.19606925603191896	-0.18944966185102602	-0.223490578669988	-0.0945321113076015	-0.0419531326393701	0.0280114984066341	-0.121053946070442	0.359810347039681	0.246067532655699	0.162411245191146
TCGA.61.1724.01	0.0902752670873841	-0.0154873828303466	-0.278791033397774	-0.26374248224429997	-0.14217299149322501	-0.00719075768945089	0.17720135145443897	-0.185855130119678	0.289126945819893	0.17353123524961597	0.20938606362492002
TCGA.61.1725.01	0.10567449035536901	-0.0218603289839975	-0.23771225346045002	-0.262711515040359	-0.116217377659356	-0.0693789157174831	0.0621588055567732	-0.14275952005055897	0.3901156868050471	0.22027488164800801	0.30313142191538694
TCGA.61.1728.01	0.0581428201596855	-0.0725934316692987	-0.370239676052613	-0.327610397499657	-0.19963845423739002	-0.123353466272405	0.00685226724095931	-0.25350667202932	0.294792344068409	0.139973105163996	0.14891530979947
TCGA.61.1733.01	0.0599604105397378	0.00374619889022926	-0.33847702911638106	-0.327512169569394	-0.183501494653189	-0.132241267967256	0.0555098977919406	-0.214183269218733	0.326091943519366	0.17840022779877898	0.160201366652549
TCGA.61.1736.01	0.0781675044047941	-0.0374420570160315	-0.31293520769627503	-0.261649319947767	-0.158773649201209	-0.15525902957629098	0.0858089293236657	-0.177388293342956	0.339087314883044	0.19492428946164606	0.174091367938966
TCGA.61.1737.01	0.0924363779480293	-0.0599378000003507	-0.253239752786474	-0.284695490439158	-0.165821938485828	-0.0519538648778158	0.14207053132893	-0.160220807679225	0.38480183423788705	0.266050353127834	0.24800906229372305
TCGA.61.1738.01	0.0666923588746409	-0.0188347083388042	-0.369198052113306	-0.255958978194594	0.00650404324645522	-0.0870864667742541	0.159391488981755	-0.223489567739738	0.384510261175717	0.217725370301533	0.251701527073369
TCGA.61.1740.01	0.224144914348757	0.00415265509013622	-0.0856798151873373	-0.14929746402814598	0.10517737102063301	-0.1323924997803	0.161966486740178	-0.037237109159323004	0.453577632046415	0.27271638395682996	0.394102938567104
TCGA.61.1741.01	0.0760553103072761	-0.0243301932415436	-0.262331236378428	-0.310376232936889	-0.0843827955710075	-0.14786067962602698	-0.0230416312682761	-0.151216970663766	0.388834600326364	0.200107701303784	0.293592886084102
TCGA.61.1743.01	0.0410511852132449	-0.0636656248364614	-0.339133209059681	-0.354787432034154	-0.0022024182973406897	-0.127007018877747	-0.0620126557142849	-0.243846940969793	0.29444481398068106	0.139284733221023	0.21875329300820898
TCGA.61.1900.01	0.0410737074761775	-0.0598014467386566	-0.34276400970105103	-0.38270619517063104	-0.133651945810783	-0.0991212445700356	0.009129063049488791	-0.252787412543675	0.18159402419486298	0.05235388467679	0.0764788936626478
TCGA.61.1907.01	0.11859322944118099	0.0117362105894968	-0.0217471052050379	-0.14551005515885299	-0.0145952656551901	0.00336585918100679	0.0948081233415869	0.00603580886340657	0.453230415853144	0.278734114160172	0.43516488372935896
TCGA.61.1910.01	0.0437202268786288	-0.23250571802302	-0.35858763463578097	-0.41687291220371	-0.16786401910121898	-0.0826244054874946	0.0289188683909138	-0.24137298959225603	0.284132838954106	0.160854529248507	0.180004375868844
TCGA.61.1914.01	0.13463765064382802	0.0439806411655568	-0.258657021185545	-0.257234784098828	-0.12874599719541802	-0.13670793151571903	0.0674943373340333	-0.19119065189042103	0.42037922722966203	0.255462893204641	0.346326562776329
TCGA.61.1917.01	0.0724386316644069	0.00770697787329227	-0.231440935266583	-0.24204416462662	-0.0916197919554575	-0.134700801572162	0.0787387774186857	-0.10747780496229199	0.40218360139663795	0.23465215280226503	0.333702839552518
TCGA.61.1918.01	0.067826664844965	-0.0270092781918045	-0.278173845301376	-0.28406050115403997	-0.169740035046631	-0.114533321268092	0.0494592141940156	-0.185867068162204	0.359626641540508	0.20016727459562197	0.251084509307108
TCGA.61.1919.01	0.166922798021149	-0.0250451577636013	-0.167843507391854	-0.21059189052152	-0.0352381400422151	-0.0959940530613262	0.189807568106037	-0.0958408116822882	0.476107842428836	0.30282759000324	0.400746283651771
TCGA.61.1995.01	0.125939034793491	0.0128353896283792	-0.154836083267482	-0.21254394898000697	-0.22331169076661603	-0.0665065550869385	0.0271110656600953	-0.12034317825482499	0.401740897188282	0.257332595581591	0.250063910195511
TCGA.61.1998.01	0.125245349603224	-0.0300807967763745	-0.297075788660984	-0.32155315093111103	-0.106303768477566	-0.11967873975294302	0.105224567861811	-0.183712704727882	0.413315970873529	0.27257546777860603	0.22809052381532896
TCGA.61.2000.01	0.0517264559991197	-0.0813548284490202	-0.227328515685838	-0.24638664387790804	-0.126413645380387	-0.0943369534606884	0.0634327210287955	-0.14956660551395098	0.339889947526185	0.21229610360691198	0.236765865666035
TCGA.61.2002.01	0.162972405734758	0.0386784569949853	-0.10546456830183999	-0.14155559695759498	-0.0588506039702523	0.0143599757598785	0.144362462750695	-0.00170830046729212	0.395484311434201	0.267136420771982	0.374247839684231
TCGA.61.2003.01	0.195888316409335	0.0920953370756181	-0.15187739291265198	-0.152731002489878	-0.109903349457599	-0.102408233549018	0.21457066569520197	-0.0484973292171481	0.3562130722202849	0.218946553045698	0.207264046967863
TCGA.61.2008.01	0.0655416539042701	-0.0543721000079723	-0.30584108263434495	-0.313130855749413	-0.132135366441465	-0.0869217604552691	0.123540064902196	-0.201252714932292	0.30420728652940304	0.150572850955358	0.15658443626691598
TCGA.61.2008.02	0.16529658083959398	-0.0266161912204152	-0.13525921744715	-0.0907987902756382	-0.171906370763736	-0.0241793305529269	0.0327493437240201	0.0318655039837335	0.38679723276682004	0.22662910315835602	0.347095717852049
TCGA.61.2009.01	0.124072569906396	-0.0192982920597259	-0.174290109708298	-0.20266322174051102	-0.0812531480451417	-0.0909777456651806	0.0957509723846517	-0.128616581476182	0.3846896721572679	0.22036508790532	0.31194512481603004
TCGA.61.2012.01	0.273184641304422	0.0474424895073596	-0.16694127569982	-0.167188159218561	0.136666303503385	-0.114226930982916	0.184787734651215	-0.0512964338883558	0.421022351660658	0.23196536159359699	0.34583047820441803
TCGA.61.2016.01	0.0607457481998346	0.0157221014457499	-0.297617610785398	-0.23378310837182997	-0.14384529533433202	-0.142745190688428	0.0935027646292752	-0.165782756974214	0.345061720507026	0.170794770862122	0.19726702441285604
TCGA.61.2088.01	0.0362365137460978	-0.172888287434901	-0.46208725725123295	-0.428988565297303	-0.20803707678791603	-0.174116799552437	-0.14575076592792402	-0.342776080051933	0.184406139046982	0.0434582520878987	-0.00121560612442244
TCGA.61.2092.01	0.0346980041917595	-0.12968404115194002	-0.368078207104642	-0.362891076306231	-0.0684250015671252	-0.0543155062733348	0.13135909001739302	-0.261603574897595	0.0027950282911542697	-0.0237997633442518	-0.110432045521485
TCGA.61.2094.01	0.42094358664280696	0.127245461049605	0.0391100018814547	0.0452018685141834	0.184472266415849	-0.00172286695405976	0.18839532322176397	0.134968735314959	0.420539910064497	0.292983879292415	0.398040991447216
TCGA.61.2095.01	0.203955308632745	0.0303427373822273	-0.261117749862448	-0.166606207153015	-0.117615967476517	0.0050452854478882	0.0647469750930005	-0.0848626389578893	0.35598209179441204	0.24906038265055702	0.12926289156608
TCGA.61.2097.01	0.12245313139191902	0.0124904477208157	-0.34186459320887497	-0.34126922765441603	-0.11295919382434	-0.0237939920680244	0.162956617966761	-0.23776943424161498	0.415314661682647	0.249522762091091	0.258857188134121
TCGA.61.2098.01	0.0404461729149227	-0.12780453532297997	-0.429847396532128	-0.464067283262116	-0.231435585624105	-0.229946296283775	-0.111283799530892	-0.342806149951282	0.067592262909875	-0.0481999600873577	-0.0751073986617838
TCGA.61.2101.01	0.0475088398776225	-0.0213951440891529	-0.294613696759243	-0.310263243413469	-0.0842818714471766	-0.133859565170526	0.0116247460847255	-0.205107816242543	0.290691648643182	0.152474574432617	0.153248525286012
TCGA.61.2102.01	0.0830359958159696	-0.128021515536923	-0.365377578030693	-0.347964243563885	-0.263457659453824	-0.0885794614301734	-0.078254062407841	-0.20997749607876998	0.418690329643463	0.24637371533193697	0.173570460676697
TCGA.61.2104.01	0.120149444379112	-0.0378638563238627	-0.20613263208123397	-0.217659909653965	-0.0668031207777986	-0.101765188468563	0.0979919849449591	-0.114667771269645	0.41771829975068003	0.28607365701486304	0.36109047917609005
TCGA.61.2109.01	0.0697859622054235	-0.0931769003416147	-0.30806189670202194	-0.27754994843491604	-0.0278086373633801	-0.14442465431025	0.10921681512282401	-0.18386640068019	0.26615795324978697	0.12280766780642599	0.130132467842168
TCGA.61.2110.01	0.052936102372859	-0.0424532299336895	-0.304438794253691	-0.340136167303719	-0.221414248715716	-0.186579693221341	-0.0685064488416454	-0.265881163207279	0.17315006534049202	0.0887231762836584	0.0200341508024328
TCGA.61.2111.01	0.10460012964381801	0.0472125144381772	-0.227476772557814	-0.214511936728049	-0.004317165742048	-0.0396217876807489	0.0126314246184145	-0.160064297844028	0.333213573039319	0.181806317821651	0.135091373576874
TCGA.61.2113.01	0.18724539336571	0.0342893179171764	-0.18449612234319102	-0.21929784239366398	-0.0400594406868916	-0.0986831831819936	0.12386803947224401	-0.0911635685475793	0.424492609853426	0.260764914983877	0.309393555461725
TCGA.OY.A56P.01	0.0054534839935535895	-0.0200633990637119	-0.420551257208752	-0.341684702323751	-0.22811341513895703	-0.232562843950728	-0.128621581653427	-0.292579304765217	-0.00112111097362376	-0.10176590035378	-0.11503745901786201
TCGA.VG.A8LO.01	0.034111756452794004	-0.172057421563026	-0.330911099156422	-0.29454537486288296	-0.0464926279264462	-0.113789395290375	0.0263315105054881	-0.24114815316296698	0.122972612224009	0.0450676100376114	0.032033125819450996
TCGA.WR.A838.01	0.0026953869762475604	-0.112607778139241	-0.40335322360793396	-0.464205286927673	-0.164458689266477	-0.241115478332575	0.0137359979356549	-0.334016104889593	-0.00679403500549801	-0.0830535943839772	-0.09155548053767901
