	LeukocyteMeth_score	B.cells	CD45	CD8.T.cells	Cytotoxic.cells	DC	Exhausted.CD8	Macrophages	Mast.cells	Neutrophils	NK.CD56dim.cells	NK.cells	T.cells	Th1.cells	Treg
TCGA.04.1348.01	0.150948736257642	-0.21377186832482997	0.23783326280152303	0.0385739895799222	-0.00414024371459072	-0.1367342932382	-0.0624593173910347	0.210534776224906	-0.307144533787052	-0.188506669090125	-0.23634218309795998	-0.204308010005599	-0.0436400292800472	-0.183135844265764	-0.0273487092678798
TCGA.04.1357.01	0.26794368108652	-0.0894043644327792	0.422714769360982	0.23643827492164604	0.0728170382142696	-0.147556213441856	0.03239465623739	0.231139941666837	-0.317968240081876	-0.16021785876108802	-0.21904398525701002	-0.16688235442258897	0.0978411126311668	-0.10876005078290302	-0.0315806178586543
TCGA.04.1362.01	0.0840705134191117	-0.34364184829954403	0.00661235717308506	-0.22610982015218697	-0.20904969947691698	-0.23215490006827696	-0.20919984869588398	0.0509568018153386	-0.33568274388737396	-0.212185600393412	-0.36360905344232397	-0.31252118048917105	-0.23293336456809602	-0.319826491747778	-0.0990266610241219
TCGA.04.1364.01	0.0334651133520436	-0.189343897499381	-0.248201438848921	-0.239439128100745	-0.334968311822033	-0.263151325965309	-0.310653968388169	-0.18772266270813398	-0.386647315447068	-0.322937538012658	-0.45043377063055395	-0.291941741504581	-0.313260324495904	-0.528988573846805	-0.216356326703343
TCGA.04.1365.01	0.14147110021652498	-0.231293103184501	0.175730004231909	-0.021700596268418	-0.037648484921261	-0.18063379416051398	-0.037813167828422	0.163544527074684	-0.33905061615895504	-0.14589228342358498	-0.258236493691144	-0.259059895448434	-0.0497371429504202	-0.199904782056708	-0.0784490055014812
TCGA.04.1514.01	0.0377776599134639	-0.28738392939610397	-0.20688743123148498	-0.222938326509205	-0.33872674826756105	-0.22491118698934398	-0.252138610458799	-0.15722744297612498	-0.38721974210813	-0.31221327989695197	-0.435758678925572	-0.42595669334099395	-0.319913522436857	-0.352041895895049	-0.19107067287346602
TCGA.04.1519.01	0.0203532219944987	-0.22001404892806697	-0.16530892932712699	-0.253901444711644	-0.252317827713812	-0.19925903204419002	-0.24434951986464898	-0.0798177539460811	-0.35912331013174104	-0.251126008001001	-0.398964269565345	-0.34797742765605605	-0.264807757550646	-0.37880871773169705	-0.20191493863732501
TCGA.09.0364.01	0.0555369859994129	-0.348037937015956	-0.23968472280998698	-0.264993199267715	-0.366248017542867	-0.216825392745725	-0.286136751091465	-0.111673817701941	-0.4646405619701529	-0.33003301307828997	-0.449944384357956	-0.30819570306005606	-0.405462657449499	-0.528406686415573	-0.22788827761320396
TCGA.09.0366.01	0.27303013571808105	-0.33877467940663203	0.316969953449005	-0.14371555432823402	-0.166910938053376	-0.23532651343657002	-0.0506106169763463	0.310734617136291	-0.28147825644513896	-0.00409956860496509	-0.28373960384957103	-0.276847879887321	-0.22154492937092102	-0.268250105797715	-0.17816335167160396
TCGA.09.0367.01	0.0758041481906226	-0.208442485905252	0.0213711383834109	-0.141636181863962	-0.0774637350458276	-0.18087145905111202	-0.19826118321256897	0.0712432175278937	-0.28543892676200106	-0.172033967797529	-0.31017879632836	-0.203174681171216	-0.1787499053407	-0.272323317816335	-0.210696148963182
TCGA.09.0369.01	0.101152951405166	-0.272413221198325	-0.0815171392297926	-0.19435339917347896	-0.25304149557192	-0.118501314311468	-0.236357628655019	0.112582498238346	-0.293359086196523	-0.23004753383145002	-0.373954796034253	-0.3549225297564121	-0.276550226991024	-0.305173508252222	-0.22603681760474
TCGA.09.1659.01	0.0593200844921141	-0.18770409161196303	0.0681337283114685	-0.133155313989195	-0.08898838876439098	-0.155297489420802	-0.13566119201505	0.10374459688721901	-0.32326617642470196	-0.17280675783221	-0.320445212873164	-0.246556904010483	-0.18737450657973997	-0.242911553110453	-0.186521371138383
TCGA.09.1662.01	0.13973843903891	-0.19777534585263898	0.261267456622937	-0.137604393137678	-0.0661075058194407	-0.16024845276674402	-0.148207790993597	0.22491890104551798	-0.276804526869891	-0.113653686006118	-0.277866817972794	-0.204091846494999	-0.142635702797837	-0.219265763859501	-0.16869445619974602
TCGA.09.1666.01	0.0849440909039758	-0.22679336752839302	0.225666525603047	-0.0770926772278547	-0.11860651347252801	-0.132139145932574	-0.10079003547124199	0.168359401369364	-0.266387616597897	-0.21587537787914302	-0.316862014060298	-0.272511795260275	-0.125933525418587	-0.219530258146424	-0.127803639441388
TCGA.09.1667.01	0.11127309420099002	-0.19477303427604	0.233707151925518	-0.0547594460661032	-0.0035694062419832705	-0.067854868191469	-0.0869239723706305	0.21198655375431003	-0.210121353235745	-0.169259184872058	-0.22201335456277801	-0.232821404250466	-0.0772049204019502	-0.19921709691070702	-0.0813584426576386
TCGA.09.1668.01	0.141491751220325	-0.18237471927956303	0.246773169699535	-0.0677163385259122	-0.0670074726424081	-0.11295403618756099	-0.0982545212571157	0.1502071889295	-0.21800253342475	-0.21739072961586497	-0.23981144090093803	-0.23997046486487103	-0.097314626671998	-0.213922979263648	-0.0120080406263225
TCGA.09.1669.01	0.0825202795838479	-0.133421877979517	0.14742911553110502	0.0025470540643533802	-0.135798163238363	-0.10922784783315301	-0.138196734223927	0.104310625975265	-0.33124224323860196	-0.23404696169965	-0.296362090167728	-0.230317280966251	-0.0970798996108859	-0.23608760050782895	-0.12441811256876899
TCGA.09.1670.01	0.111348083064122	-0.31596765057619397	0.20588235294117604	-0.178884526188664	-0.203148459792142	-0.188522671302427	-0.17071208839135502	0.19347804915874803	-0.31141787289414	-0.143120798780383	-0.38604637069530395	-0.271007587541052	-0.214245371167849	-0.287134997884046	-0.167742276766822
TCGA.09.1673.01	0.0456094771497273	-0.283152047868195	0.0411553110452814	-0.21184758417559899	-0.217159440021501	-0.12171402877745802	-0.12035976103087699	0.130502451083852	-0.240024122968183	-0.209229591692747	-0.37113634031317705	-0.296432170970687	-0.232901688548114	-0.289832839610664	-0.295598815065595
TCGA.09.1674.01	0.0387961014989242	-0.223174206965072	-0.200063478628862	-0.22168205244790196	-0.331366251566658	-0.242922385669268	-0.24201944895645802	-0.145091767352008	-0.306802875230345	-0.31110687396540304	-0.44058416597469	-0.307628888911128	-0.312113335858355	-0.43636267456622896	-0.226777401608125
TCGA.09.2044.01	0.136226438968971	-0.116743658602717	0.19969318662716898	-0.07179832080661	-0.170869274745216	-0.133822150713786	-0.0922995924027672	0.24133350389700897	-0.282619888067204	-0.0679528276443486	-0.321210883281729	-0.297348444275276	-0.145216350869866	-0.248042742276767	-0.0933664832839611
TCGA.09.2045.01	0.0785829786654475	-0.29580295329842893	0.048666948793906	-0.15810598778289497	-0.19493770612402897	-0.234812306319899	-0.15354402409107998	0.119089862128846	-0.269116709036316	-0.17697093148540802	-0.360600069706335	-0.34904918264244505	-0.224088493929543	-0.314007617435463	-0.14568345323741
TCGA.09.2048.01	0.0785481583050441	-0.339141367630072	-0.0724185357596276	-0.258736853582323	-0.25970057979322797	-0.199183951910414	-0.206570029210224	-0.0423709388950116	-0.289221079318407	-0.267467813676939	-0.42005114326962895	-0.21085272741123698	-0.27516989785010304	-0.40065594583157005	-0.26740372407956
TCGA.09.2051.01	0.130182408150839	-0.19944479026205	0.115160812526449	-0.155431514720301	-0.0875843246025352	-0.15903111611562398	-0.0945337050300639	0.17600880264224106	-0.295165573497589	-0.19666317870900601	-0.29095392188644603	-0.208260461275971	-0.18358476287038897	-0.23661658908167604	-0.1191282268303
TCGA.09.2054.01	0.0814079756005146	-0.194525429303049	0.00714134574693186	-0.195640099648577	-0.23917238584555398	-0.168562479769817	-0.19974861319769896	0.132151427092506	-0.261198064105285	-0.21259267766535503	-0.35178557408624395	-0.29202807852435303	-0.22012164589299302	-0.29380025391451503	-0.190488785442234
TCGA.09.2056.01	0.0840428888121641	-0.29718860413068604	0.124894202285231	-0.0719045405291056	-0.0986881502166494	-0.160200458703019	-0.16660639248210998	0.054970615919827	-0.236848656756798	-0.11242904580045501	-0.32638812131378603	-0.222849319322744	-0.157730528028034	-0.27131823952602596	-0.18990689801100302
TCGA.10.0928.01	0.0398287434991948	-0.19968455475629698	-0.13039568345323702	-0.312688964212218	-0.260489747261187	-0.26570096734067	-0.20947910283014398	-0.105208415670696	-0.30390570608113693	-0.320285933301189	-0.38187280642652294	-0.32691957194183197	-0.28492017340983006	-0.33194033008887003	-0.298878544223445
TCGA.10.0936.01	0.0790983933153803	-0.252937964497669	-0.0171921286500212	-0.150849224662945	-0.14665412335269	-0.26279361681263896	-0.10589586385995599	0.0148707190425934	-0.33866003137746103	-0.255622246401649	-0.35557874068440004	-0.28804122351003697	-0.133557250741911	-0.23153829877274598	-0.0568662716885315
TCGA.13.0730.01	0.09696608281345401	-0.239572653543611	-0.0391451544646636	0.0348888051675306	-0.20724284338485396	-0.19631689568908103	-0.0650688654186503	0.10557464099475801	-0.271117723506775	-0.270090657381588	-0.38144327432952396	-0.248185649839774	-0.24930488853391397	-0.35452814219212897	-0.222915785019044
TCGA.13.0799.01	0.0709284434743637	-0.292277614682959	-0.125211595429539	-0.213841442697725	-0.21466738624834697	-0.21841524899490602	-0.22033339233416102	-0.152657819932234	-0.434587442619702	-0.274583646925993	-0.36514891304755004	-0.340486185255399	-0.22844473117789604	-0.264388489208633	-0.16356326703343202
TCGA.13.0800.01	0.0558024311841011	-0.35417220326378496	-0.26306601777401606	-0.21891829388915196	-0.334068758524031	-0.274731332894551	-0.26917350758228303	-0.14680381373208498	-0.307134539298032	-0.337103070146427	-0.45564507310092406	-0.324914613766407	-0.307724261069288	-0.5303639441388069	-0.233601354210749
TCGA.13.0801.01	0.115757296721003	-0.20423309738701198	0.310146000846382	-0.051475763590184	-0.0446042216930631	-0.126470288235377	-0.0162625920482778	0.325186698945836	-0.260841196410342	-0.0433662853657254	-0.259213375367937	-0.18330173986325898	-0.108940232772907	-0.165044435040203	-0.0957998307236564
TCGA.13.0890.01	0.190907623110811	-0.162840094894167	0.033273381294964	-0.128940637306873	-0.127454952569203	-0.13928067220013501	-0.0877455189330403	0.17143640363469598	-0.12998954024742	-0.16791082703274698	-0.29374437956644395	-0.291088032335396	-0.133353878905549	-0.242118070249683	-0.08543165467625902
TCGA.13.0893.01	0.10888707715807902	-0.196740187654742	0.12944350402031302	-0.0716678005111235	-0.0317129300285701	-0.190417204887189	-0.15218430778683803	0.10628673265516302	-0.303592014588673	-0.25477153129292	-0.29937546043268104	-0.17011071784949203	-0.106829881627416	-0.209955564959797	-0.110717308506136
TCGA.13.0897.01	0.10489111649253899	-0.307718132325066	0.0653300888700804	-0.103682900353766	-0.0443565879160193	-0.130488210542229	-0.12126745315533399	0.15918767147368	-0.22362263791232803	-0.23573362498442396	-0.247408556795745	-0.199925985052172	-0.11474818888961999	-0.21778459585273002	-0.0616800677105375
TCGA.13.0899.01	0.11097360315765599	-0.20438345912508202	-0.0184617012272535	-0.17050712588753397	-0.15315772460876098	-0.250389713401883	-0.155398350621762	0.0791643532012845	-0.20684769228987301	-0.12357255499927802	-0.328484983317376	-0.26051373515990195	-0.20371525351794198	-0.31294964028777006	-0.16599661447312697
TCGA.13.0913.01	0.0676753217508198	-0.21376658309998	-0.152877697841727	-0.22147074053487398	-0.261306626582118	-0.288432532808253	-0.25509656671547304	-0.126749657169736	-0.349587270101577	-0.315609836529593	-0.37486287503478294	-0.367932525198308	-0.244019307513733	-0.365901396529835	-0.19556707575116397
TCGA.13.0916.01	0.0745608907688575	-0.259848787976969	0.0252327549724926	-0.0652354818517704	-0.11507443895316001	-0.217915135846124	-0.103391057349319	0.0547364158586361	-0.266989244543322	-0.271078137878788	-0.319404573216505	-0.30165600508099394	-0.12088795224414801	-0.19546127803639396	-0.132617435463394
TCGA.13.0920.01	0.10878752568170098	-0.18543109942785002	-0.0491430385103682	-0.143540601987421	-0.20214903690080802	-0.177428235383691	-0.196818729885707	-0.0651797285651112	-0.4099186279505929	-0.340620436789473	-0.38079426966813706	-0.234781754829708	-0.19709368857852802	-0.28946254760897194	-0.20524756665256
TCGA.13.0924.01	0.223850842787692	-0.0885788191425889	0.221275920440118	0.0221339237295152	-0.0154161998118283	-0.154347271660947	-0.11347987398473	0.201685817298703	-0.15374178513779801	-0.147852988238456	-0.25956658770386	-0.19984127781552602	-0.05679926402477099	-0.204824375793483	-0.10019043588658501
TCGA.13.1403.01	0.0516879703602499	-0.261202838991624	-0.105533220482438	-0.258811733491133	-0.196956551067309	-0.274395047155578	-0.249423785525079	-0.00316554018140341	-0.35230935519418893	-0.284217275409898	-0.380401028170416	-0.31703971011986304	-0.26649567474045804	-0.31564748201438797	-0.198582310622091
TCGA.13.1405.01	0.174571515400738	-0.19804400313971102	0.12246085484553501	-0.0569033005276685	-0.0758939819228639	-0.212673696682293	-0.16216462501113502	0.121390576110697	-0.24993858612699602	-0.21168654504408496	-0.24061228606125	-0.256517999205718	-0.126681895082598	-0.22587812103258603	-0.17668218366483301
TCGA.13.1410.01	0.0686202703432861	-0.116728677086605	0.0823635209479475	-0.177736271074323	-0.147707934548078	-0.203688078823839	-0.15734959789132402	0.149106760562085	-0.23441498044742604	-0.208787853334986	-0.328641954887239	-0.262852392623538	-0.166670512814726	-0.257670334320779	-0.0860664409648752
TCGA.13.1411.01	0.373255563796694	-0.185133275040115	0.42705247566652604	-0.00390370542905158	0.0379743074816475	-0.107488868173075	-0.0531299285934338	0.339822413425986	-0.205059180345285	0.06384841685030901	-0.174355324927235	-0.21459028692516502	-0.0661521281496118	-0.19450909860347	-0.0933135844265764
TCGA.13.1481.01	0.189820971844638	-0.180881200006559	0.0237515869657215	-0.176850773632002	-0.178234513102246	-0.197387280545028	-0.161779180226953	-0.00553876202211421	-0.21321037035945	-0.29739308485928806	-0.31216460050993106	-0.28945067675572494	-0.17986877544631696	-0.275232754972493	-0.11024121878967401
TCGA.13.1489.02	0.278698251294038	-0.185119415016906	0.023011002962336	-0.08725824117976301	-0.0561801525866572	-0.201064189319808	-0.137402663377116	0.0150992274020307	-0.332156390436212	-0.209054238019091	-0.31255069667158	-0.306921166425055	-0.10962431666992	-0.30538510368176003	-0.17229157850190396
TCGA.13.1497.01	0.132178891866528	-0.22281323151579197	0.00989208633093525	-0.132853773766113	-0.155509268485816	-0.209373733900126	-0.17041034612209	0.0783546525975656	-0.262463056382143	-0.23224079582292498	-0.30380650143635196	-0.289269056309675	-0.15017993221704698	-0.260526872619551	-0.136373254337706
TCGA.13.1498.01	0.11475022036308599	-0.255862244047171	0.169329242488362	-0.0358065399116122	0.0018276044205935101	-0.249864736673053	-0.1088842864693	0.09521199217193199	-0.24066211596771603	-0.24709761657996399	-0.271138818643924	-0.17520822706466	-0.129339247283629	-0.21609183241642002	-0.10701438848920901
TCGA.13.1505.01	0.10167898908817999	-0.235772590968365	0.0888171815488785	-0.103796498198297	-0.216065716609297	-0.20958496800517398	-0.15953314214232997	0.0211267196923295	-0.185371176181011	-0.24855649286128498	-0.347055635314382	-0.255769409496586	-0.16220791180530802	-0.309828607702074	-0.18419382141345697
TCGA.13.1506.01	0.0672899917994202	-0.180019214712173	-0.0714663563267033	-0.17723481540668598	-0.19097054176618103	-0.195187542789374	-0.19533544812810197	0.050143942710197995	-0.33802668391880997	-0.167513042089688	-0.365727738111576	-0.27128476210944197	-0.12578445602215	-0.29089081675835804	-0.10511002962336
TCGA.13.1507.01	0.166367497622779	-0.154658205062561	0.225719424460432	-0.0489388996420842	0.0529474631085171	-0.15775710164206302	-0.0742033295741174	0.23588388755884	-0.147451087694593	-0.14165722578904502	-0.27791987431564197	-0.15889807896424998	-0.0822039986606306	-0.21090774439272103	-0.0265023275497249
TCGA.13.1511.01	0.0812559765751946	-0.318291978573922	-0.0538510368176047	-0.22444295876519602	-0.182303772437797	-0.245103617052827	-0.195661607179037	0.0830911566782874	-0.353637714057552	-0.257214219756994	-0.331804516968839	-0.324924388924482	-0.188779379492723	-0.302369868810834	-0.186521371138383
TCGA.13.1512.01	0.137258422607395	-0.181286305527245	0.105956411341515	-0.1186462972016	-0.114479987170815	-0.21199290237476398	-0.112384185276961	0.118432791700985	-0.141892776222629	-0.217889098855689	-0.297219142001844	-0.280781803483729	-0.136774100914877	-0.238838341091832	-0.0732120186203978
TCGA.13.2060.01	0.22379912944084301	-0.20720308883661198	0.279782056707575	-0.0319785862381659	-0.0589600463572558	-0.175851209122779	-0.10928652509998898	0.18654232633161802	-0.270159423948785	-0.208587719178	-0.298677951238169	-0.207213010101091	-0.0880361242727175	-0.203078713499788	-0.0670228523063902
TCGA.13.A5FT.01	0.14621172461050197	-0.223161838264298	-0.0667583580194668	-0.258337906306239	-0.259721638842776	-0.225965458865855	-0.186750464754453	-0.0821146279097359	-0.37314779057221203	-0.297173415703958	-0.378764218948783	-0.332929526831261	-0.24271023799663502	-0.28549513330512105	-0.137960220059247
TCGA.20.1682.01	0.15019668288423801	-0.24254295608827497	0.188002539145154	-0.0443545047040938	-0.0891791144529868	-0.15949782672902502	-0.105407615267226	0.16066183850059698	-0.184997270230853	-0.18476393196624302	-0.326141520285846	-0.252168058648042	-0.0794907520216891	-0.252856538298773	-0.114949217096911
TCGA.20.1683.01	0.0704990826614184	-0.150419853816792	0.0704612780363944	-0.125391679912078	-0.195627316708148	-0.14469859313654	-0.150040699549084	0.0831187570408872	-0.18861661522401102	-0.265703092043745	-0.30338432065573306	-0.294533555951027	-0.191057940073682	-0.273645789250952	-0.19911129919593698
TCGA.20.1684.01	0.0369800736144284	-0.35382307526676604	-0.107490478205671	-0.24427994416801102	-0.29452687431093	-0.18666010288251803	-0.203816505221075	-0.0463689576134244	-0.255250718744696	-0.27799610524598806	-0.41324451081872404	-0.33930057831631	-0.304314922620918	-0.36320355480321603	-0.22524333474397
TCGA.20.1685.01	0.11943977291439699	-0.266937027555223	0.254126110876005	-0.150318459587176	-0.19851338450728898	-0.115510151470854	-0.16546113689861303	0.22734227408243002	-0.311140587120989	-0.124661981834336	-0.33618099742873603	-0.27401252743010396	-0.157033234881572	-0.27930596699111304	-0.13780152348709301
TCGA.20.1687.01	0.111734048092018	-0.203974866955925	0.124629707998307	-0.146883415121611	-0.16196931976732598	-0.23960446221747	-0.16113170676348001	0.0861568240393634	-0.23550120683110998	-0.199595939800505	-0.314208196475558	-0.233428223879103	-0.157133476436011	-0.24344054168430002	-0.130713076597545
TCGA.23.1026.01	0.149074790341299	-0.19606138250576702	0.12383622513753699	-0.0602439404397195	0.0291449472645294	-0.17162676873305	-0.143098370992856	0.20230490236835602	-0.270815672967645	-0.162647888861298	-0.235410726269364	-0.17161838102072302	-0.11791350335622501	-0.21699111299195897	-0.0785548032162505
TCGA.23.1027.01	0.178988856489213	-0.22663477558926	0.10600931019889999	-0.18208500687756402	-0.199180445626237	-0.250901686169075	-0.153028845323919	0.14971101159314903	-0.290189785339572	-0.14707170476745002	-0.319594631309719	-0.334906923992907	-0.231507114215626	-0.269413880660178	-0.14388489208633098
TCGA.23.1029.01	0.0499276777822767	-0.23531801948859699	-0.0510473973762167	-0.25346342283724804	-0.279037878243997	-0.143612781269754	-0.208232012556412	0.0967157224277106	-0.38712615204255296	-0.23666690184957298	-0.3955958624731711	-0.3451582315006211	-0.25032264140130805	-0.29723867964452	-0.220588235294118
TCGA.23.1109.01	0.0512069719020694	-0.149232770433436	0.113520947947524	-0.140055436952266	-0.179358190050149	-0.20298959717330198	-0.17417865209126698	0.110086619607179	0.0328999700879255	-0.24034052287651003	-0.306992939584921	-0.308288865657023	-0.18972466340770397	-0.27269360981802804	-0.14346170122725302
TCGA.23.1111.01	0.0423176346411896	-0.24041718538778198	-0.125581887431231	-0.20994978722639002	-0.25440637509005	-0.19107146912696302	-0.2542493871455	-0.0795761702744445	-0.31273759062169	-0.266661843517587	-0.40433729280796604	-0.37079739591520505	-0.29294488615205894	-0.339028776978417	-0.12161447312738001
TCGA.23.1114.01	0.0686604336395235	-0.25110391419459904	-0.127697841726619	-0.343034884539538	-0.31748852419204804	-0.155685969582531	-0.217498945673742	-0.040919083416143	-0.347033214581898	-0.18487275002748602	-0.417563052354325	-0.3555633049435929	-0.29731648557657103	-0.39732331781633506	-0.225772323317816
TCGA.23.1120.01	0.06359359133321499	-0.21860019497656	0.19556707575116397	-0.0760199979727269	-0.0543475592941086	-0.10749622780637501	-0.0570975783456373	0.202602962034239	-0.272691684638482	-0.173346768455965	-0.27336606396253305	-0.235217055414407	-0.11656183100827601	-0.18858442657638602	-0.112727465086754
TCGA.23.1122.01	0.0946124613436426	-0.225945124073754	0.0128544223444774	-0.268323821073019	-0.226712817522487	-0.21810147813583702	-0.17050583806485803	0.0992461547238742	-0.31020474071779897	-0.25650647116064607	-0.337414815961858	-0.31610726170987896	-0.24949020118944001	-0.34812738044858194	-0.203184511214558
TCGA.23.1123.01	0.13148439594716999	-0.19971725950369396	0.259733389758781	-0.0226921052590239	-0.0507125562002721	-0.10751433853944199	-0.0257786957707915	0.258516388497416	-0.33110650354196397	-0.15330212655835002	-0.257238702093151	-0.264301489043955	-0.0620922693742657	-0.162769784172662	-0.0462336013542108
TCGA.23.1809.01	0.0431108737860312	-0.222768497899082	-0.0927845958527296	-0.227927866582645	-0.25957841914964397	-0.205209381092422	-0.15342398010805403	-0.006977153232746679	-0.268525356310519	-0.287457977323408	-0.35923116766227203	-0.30164554583064096	-0.23074034143577396	-0.307818451121456	-0.0966462124418113
TCGA.23.2077.01	0.106573108171569	-0.237454647983537	0.15652771900127	-0.18131789992984898	-0.202909626296268	-0.180943178979135	-0.147339748904841	0.149517486622263	-0.42890438664023495	-0.111687918626763	-0.354658466284344	-0.32684356374442103	-0.18239341981223603	-0.273910283537876	-0.12283114684722801
TCGA.23.2078.01	0.220661066203066	-0.0693660733712558	0.29512272534913203	-0.0420765840401427	-0.11371129586568302	-0.17686716317646303	-0.0872436054454878	0.17159495431372002	-0.21286585168353503	-0.24986774258275798	-0.30220839464712895	-0.296362044134034	-0.0453585149219089	-0.176735082522218	-0.11230427422767698
TCGA.23.2081.01	0.0501188113073435	-0.365904685556869	-0.0686098180279306	-0.192241633729541	-0.229163058416309	-0.28261628155662394	-0.229599926001291	-0.0301862846052842	-0.295419502278432	-0.289001163398938	-0.386521713390861	-0.33249084807192303	-0.261874940843512	-0.308876428269149	-0.21418747355057102
TCGA.23.2084.01	0.0978131088807635	-0.267807397924476	0.136690647482014	-0.18769101675139002	-0.161249082394949	-0.178455987641246	-0.156316120515404	0.17450373860425503	-0.310545043684395	-0.17989877689744602	-0.318098440521713	-0.240573580239346	-0.200527236794031	-0.23513542107490498	-0.111828184511215
TCGA.24.0975.01	0.279522851934706	-0.17078525968846203	0.0223233178163352	-0.140369015300319	-0.0940178248354293	-0.137770716742309	-0.169546873194316	0.11785426550143	-0.173052614609914	-0.22689016243947	-0.26965202736484	-0.28258741513823	-0.141358879196365	-0.23645789250952198	-0.10511002962336
TCGA.24.1103.01	0.039880584555177005	-0.282203706203833	-0.12388912399492201	-0.193768310372417	-0.20004316295636101	-0.24486247352449897	-0.213437590017902	-0.105923993490663	-0.337273412550895	-0.317997940515175	-0.361414730919664	-0.296302589604433	-0.23610716334630102	-0.308823529411765	-0.231749894202285
TCGA.24.1413.01	0.0718662200637279	-0.263969021886052	0.0108442657638595	-0.237099487157829	-0.21401915174875	-0.167580145330342	-0.21338881285120997	0.126525631286185	-0.36049971074834297	-0.22085067273620698	-0.3717039701156	-0.328608006845484	-0.250706243801392	-0.27131823952602596	-0.18366483283961102
TCGA.24.1416.01	0.0797648084698524	-0.26667945998891	-0.0219530258146424	-0.254935325354531	-0.185898789729978	-0.227699498211532	-0.201766172782827	0.0833489028732282	-0.35468200592916704	-0.20824105617419	-0.3569483010787629	-0.26395348972195604	-0.237797544844459	-0.30919382141345697	-0.248730427422768
TCGA.24.1417.01	0.128061678563849	-0.144960426920064	0.31633516716038895	-0.0510782760336534	-0.038860589105339995	-0.138350941971543	-0.050033052606026994	0.301724505440289	-0.16391762352533498	-0.147617333088621	-0.232247492947026	-0.20257231375510398	-0.11366290544344801	-0.182289462547609	-0.0756453660600931
TCGA.24.1418.01	0.0975719042313704	-0.151503235397184	0.0791895895048667	-0.176197468670384	-0.19683270380942003	-0.20265918081142603	-0.175369400327891	0.11835021298397802	-0.228659934865047	-0.19893203293717399	-0.336557152150345	-0.277673328545729	-0.18699420179951898	-0.302052475666526	-0.176946677951756
TCGA.24.1419.01	0.0578770168520118	-0.35657678260652004	-0.15531104528142198	-0.31143371772482803	-0.356896611647656	-0.19852538545907003	-0.250358959041209	-0.0497558792855741	-0.33499234787954496	-0.24296427429377399	-0.43872818005624703	-0.43818488561592206	-0.37021539189969505	-0.38388700804062603	-0.20519466779517603
TCGA.24.1423.01	0.0638271973889209	-0.257325957280962	0.0136479052052476	-0.19177332218580997	-0.18477846267709802	-0.185841836184115	-0.169005779376845	0.0602653364804323	-0.306120155973575	-0.24918360219076605	-0.32549289709186496	-0.314937966691122	-0.20994471615927104	-0.297556072788828	-0.15599873042742302
TCGA.24.1424.01	0.10510680258022999	-0.23351582616579897	0.0726301311891663	-0.187733962975281	-0.21484451955590195	-0.102162798220624	-0.148030219454444	0.19612751501144604	-0.248413052959922	-0.185607090886936	-0.363057329600115	-0.293649474427018	-0.22877776603979003	-0.308929327126534	-0.22328607702073605
TCGA.24.1425.01	0.13863261404029	-0.246813717824296	0.173614049936521	-0.179387770335276	-0.143051175449479	-0.126900261635125	-0.168624968256438	0.215957295256888	-0.121498804048141	-0.17447019840201097	-0.305262491159037	-0.265437774176282	-0.18379073448369498	-0.25888700804062603	-0.13039568345323702
TCGA.24.1427.01	0.18697453314358997	-0.20957094971417603	0.24195937367752898	-0.0249894509056239	-0.149958055515893	-0.17394972761730002	-0.133128385442636	0.20261783904483502	-0.23231518982658397	-0.154879305674796	-0.285452910979216	-0.308360570406822	-0.0970486096840317	-0.23365425306813398	-0.075169276343631
TCGA.24.1428.01	0.126413787015656	-0.149551683150155	0.214504866694879	-0.13380568425050898	-0.0763186697933119	-0.0931237368713861	-0.0986962250749151	0.23447341011635697	-0.295331853334359	-0.15514179994635402	-0.28502452690094704	-0.23221051602312195	-0.14036949605089097	-0.179221328819298	-0.0310516292848074
TCGA.24.1430.01	0.0654312863891397	-0.193080996777333	-0.13230004231908601	-0.250528903241933	-0.302507933918555	-0.23802365563805	-0.23319764216526198	-0.0696951208504584	-0.292619750919767	-0.302279443805956	-0.409678027021133	-0.385979267075634	-0.30558024701482395	-0.34669911129919606	-0.23190859077443898
TCGA.24.1434.01	0.21963570221966502	-0.20995736420251998	0.301576385950063	-0.190242762732197	-0.17887751016107	-0.174166175517278	-0.12995167964512802	0.280436766123075	-0.268671149761489	-0.0903279903864444	-0.28082169924862604	-0.29307351843464396	-0.18123400485580102	-0.292953872196361	-0.0694033008887008
TCGA.24.1435.01	0.11409009632174599	-0.27762996949886604	0.14277401608125304	-0.11625386548564698	-0.14611881456482	-0.18643886292117604	-0.16790588204978601	0.196575531071552	0.0015900643882509	-0.184565115652088	-0.29906372813219895	-0.26797064845837804	-0.166287836848887	-0.266345746931866	-0.10849555649597999
TCGA.24.1436.01	0.130170420035041	-0.21543192079957899	0.14340880236986903	-0.129608420711288	-0.0636825025487721	-0.21793443841177804	-0.09357307643302198	0.23606872987478603	-0.34113998835932896	-0.10710587395811001	-0.268326768387313	-0.23883784447948103	-0.173296003691326	-0.22450275074058398	-0.157744392721117
TCGA.24.1463.01	0.0980597321781303	-0.21654936502265099	0.23524121878967397	-0.21630635972729198	-0.173621809921726	-0.244632750226475	-0.166581278020417	0.19584052069841698	-0.258396593271463	-0.20540836145874303	-0.332146141460559	-0.294586241384388	-0.195059146231776	-0.33035336436733	-0.164356749894202
TCGA.24.1467.01	0.0932402571895798	-0.287721248448597	0.0362886161658908	-0.15172127231674098	-0.186142315532667	-0.168808861611572	-0.17664191636362803	0.10065484299258501	-0.43475544701176294	-0.23315739957292803	-0.33467060170909196	-0.347196251430197	-0.189450362443731	-0.24349344054168398	-0.172503173931443
TCGA.24.1469.01	0.0664350547912569	-0.21645581656131	-0.00518408802369869	-0.137431198746102	-0.169356513725551	-0.25672553653145497	-0.146978626419909	0.0589816216862259	-0.310949241637108	-0.157763741493427	-0.335492800440631	-0.27184751109550304	-0.19666984331897602	-0.279517562420652	-0.118916631400762
TCGA.24.1474.01	0.0816956501461116	-0.391761495814024	0.17382564536606	-0.20791935154943803	-0.205068888456396	-0.19992935471011702	-0.14602770853055802	0.25746962362076503	-0.369020623281564	-0.127170749519715	-0.38616478905440205	-0.296468226688864	-0.253125092713306	-0.2997249259416	-0.259680490901397
TCGA.24.1544.01	0.0383913993993771	-0.270751683592618	-0.13219424460431697	-0.0663679649426228	-0.240697414973198	-0.21653797598878802	-0.054511262773126	-0.0408752708640817	-0.323995540986875	-0.261596278160429	-0.433397837681732	-0.317823329090041	-0.22364199924400102	-0.37298984341938207	-0.260103681760474
TCGA.24.1545.01	0.26585313114123	-0.0601019176417847	0.38129496402877705	0.0471352243303029	-0.0909026828317466	-0.139870222814275	-0.082785342064493	0.302913254881296	-0.24164411387258203	-0.142055351822758	-0.216488564663602	-0.254521733076546	-0.0330045875664638	-0.178374947101143	-0.0197312738044858
TCGA.24.1546.01	0.15124000017356304	-0.218876017694329	0.149492170969107	-0.24125272316138	-0.24624475522499803	-0.23513160927981797	-0.202524330506971	0.171198195822212	-0.118866196100973	-0.123966810322645	-0.28189386731887606	-0.35487747948116205	-0.22314620069014102	-0.32009098603470193	-0.13557977147693598
TCGA.24.1548.01	0.0603082315774311	-0.18215455571031	0.0348603470165044	-0.19613590630825103	-0.254740530871497	-0.178857260124927	-0.145656553112366	0.137729999489584	-0.379493252146193	-0.21234784957744	-0.36631341792734995	-0.3586625798134871	-0.22315490264135998	-0.291684299619128	-0.0985505713076598
TCGA.24.1549.01	0.07467485005390899	-0.29454812326313295	0.09453025814642402	-0.0715949299677881	0.0575892490255975	-0.146980457460107	-0.103135781856131	0.0833756276418896	-0.24428399997737305	-0.265492294116455	-0.22180158815359197	-0.18034846457145798	-0.0779163210869961	-0.18043800253914496	-0.0128544223444774
TCGA.24.1550.01	0.26651437621199897	-0.23375011810981897	0.234976724502751	-0.11760156529016802	-0.164164546768712	0.060659850095212006	-0.0950058912106614	0.328571835224018	-0.35469245628356105	-0.12199426306764599	-0.322987045903729	-0.28050149478343706	-0.198608681752139	-0.253702920016928	-0.181654676258993
TCGA.24.1551.01	0.154057314908923	-0.26892530495014605	0.23603470165044396	-0.0786923673785862	-0.0384722063494132	-0.0432085471603822	-0.115938474835521	0.25805014574965895	-0.223236824688529	-0.0700989319464852	-0.26645821742097103	-0.22392272243259803	-0.10261371131858699	-0.215562843842573	-0.11489631823952601
TCGA.24.1552.01	0.0290753608296435	-0.296074027621002	-0.0306813372831147	-0.175636738998866	-0.233727669227721	-0.209360027198833	-0.20009723435068696	0.14178295939803	-0.306483493588688	-0.24398568393700198	-0.34489949534804004	-0.394306534982907	-0.214121450285504	-0.282744392721117	-0.195778671180702
TCGA.24.1553.01	0.215844979481518	-0.13904481624036	0.409860347016504	0.24764063942442802	0.0239777461580637	-0.129148226498888	0.00210202667890216	0.26759702987315304	-0.404912616195717	-0.159409832463488	-0.23641518634434303	-0.189102148945833	0.07138472479280498	-0.15721540414726998	-0.0292530681337283
TCGA.24.1555.01	0.0528633897638047	-0.26796912883780105	-0.00343842573000424	-0.18128376445165698	-0.21548716260212	-0.23189837311563197	-0.18879056541607897	0.0636986736602557	-0.290600157827466	-0.198144237595175	-0.34381332254582503	-0.34280609207235807	-0.209284323596475	-0.252168853152772	-0.169540837917901
TCGA.24.1556.01	0.0820265521592296	-0.29317199896185997	0.159225560727888	-0.118778764012494	-0.135322807964168	-0.203288799489336	-0.10613130531492099	0.21364152140687198	-0.291677769938923	-0.153893144283393	-0.304821022672466	-0.272805802767181	-0.16081418057493302	-0.213129496402878	-0.10891874735505698
TCGA.24.1557.01	0.0487919420638192	-0.247576306477376	0.0170863309352518	-0.26030035449322597	-0.271649821801075	-0.155705910892969	-0.19666702103329897	0.141671265506573	-0.37256788524382795	-0.164491151172371	-0.366074365783944	-0.41256300918867894	-0.25159819168644	-0.39298561151079103	-0.143038510368176
TCGA.24.1558.01	0.0416808657047346	-0.249113984706043	-0.00269784172661871	-0.235858025934815	-0.266109993177784	-0.21697073339522802	-0.22810390021391197	0.0965225617196628	-0.28851333575985605	-0.21949383462443803	-0.379405491575889	-0.303171433624269	-0.299322829766021	-0.37346593313584403	-0.201862039779941
TCGA.24.1560.01	0.0365075432308177	-0.307161973331602	-0.0819403300888701	-0.207033875604767	-0.23650284145234196	-0.198068224715942	-0.24859464197031503	-0.00387658563564695	-0.32055100191348496	-0.26462589581927803	-0.370776139438571	-0.29582159696364896	-0.246281968412061	-0.290044435040203	-0.220852729581041
TCGA.24.1562.01	0.0867537820429565	-0.18485783365530603	0.12468260685569199	-0.111651592229026	-0.124704240029643	-0.26404574466966896	-0.17408789624766502	0.103549463531159	-0.23137993123463502	-0.254639601845593	-0.320658138469206	-0.259817488470099	-0.145452797473022	-0.22016504443504	-0.0931019889970377
TCGA.24.1563.01	0.066479326964188	-0.25225305206363396	0.129337706305544	-0.179353527796344	-0.151786956051904	-0.190272172884316	-0.125677506543596	0.157649312162905	-0.22210187988403196	-0.16419406399679998	-0.297298338585294	-0.269782643288108	-0.174753103280885	-0.280311045281422	-0.185146000846382
TCGA.24.1564.01	0.277815801274026	-0.248018598318562	0.42705247566652604	-0.12387932050430499	-0.159792355534595	-0.20089337170484398	-0.126360732444464	0.347418563172456	-0.30864564755817403	-0.09229528905375801	-0.23645439762128195	-0.286176578067482	-0.13161492395146002	-0.24222386796445197	-0.132723233178163
TCGA.24.1567.01	0.0433354991968419	-0.36746682445822604	-0.176735082522218	0.209179410247087	-0.34039631127425296	-0.248055159722192	-0.24620438609653	-0.0620210056207149	-0.40521872368207895	-0.307964462270847	-0.38239721810858707	-0.320185725611729	-0.299810831440394	-0.370292001692763	-0.18070249682606898
TCGA.24.1603.01	0.0364257921431158	-0.23431716641762498	-0.0208950486669488	-0.22269203012482897	-0.22022995945912	-0.169192922272078	-0.19062412469234302	0.0866854910479175	-0.285753585766768	-0.176735098077424	-0.373853720635771	-0.318660449896363	-0.23136349952271398	-0.291684299619128	-0.220852729581041
TCGA.24.1604.01	0.0628233414861617	-0.21893068734386198	0.0680279305966991	-0.18348709087273102	-0.19732097790193498	-0.184291213178785	-0.138607088248629	0.0819714634306347	-0.33541962027717304	-0.202358294737397	-0.345876861828701	-0.31766691778003303	-0.20257769123633398	-0.284913245873889	-0.158749471011426
TCGA.24.1616.01	0.0796340423345891	-0.256324752694616	-0.10130131189166301	-0.22847366417557602	-0.17213793577444003	-0.176058027856462	-0.236039190572249	0.0243765896205508	-0.271168231145896	-0.237554388940483	-0.39510024213559597	-0.278466888363745	-0.242585220313917	-0.290996614473127	-0.155099449851883
TCGA.24.1842.01	0.14875974243683898	-0.163406868792208	0.285918324164198	0.0493117740682908	0.0076163826317139595	-0.11804114552403999	-0.0563080130678091	0.23861788909143697	-0.274641709948594	-0.115550928857123	-0.231565186366297	-0.175531652389924	-0.0554706769187134	-0.154623360135421	0.00359712230215827
TCGA.24.1843.01	0.11725148096474301	-0.19991405268181198	0.247460854845535	0.0181076806280753	-0.10336982378327199	-0.134450058267184	-0.0984490590292515	0.260348140140572	-0.23299765526113297	-0.17096407833365398	-0.32089644225692304	-0.226772830747932	-0.11294130419063	-0.215139652983496	-0.0936838764282692
TCGA.24.1844.01	0.030597000096234	-0.327165675307175	-0.131612357173085	-0.34745663659050896	-0.339982775319895	-0.21880719705616397	-0.265676218641677	0.0018355705192376398	-0.345987428445625	-0.269092311775572	-0.41207523213842207	-0.359722479094785	-0.35333545534033095	-0.41033643673296705	-0.160706728734659
TCGA.24.1846.01	0.0635957425507962	-0.30881790974463896	0.17054591620821	-0.150861541026859	-0.10639308227337599	-0.243321368066913	-0.162040625713906	0.18090219898835302	-0.201626589161928	-0.155384844649789	-0.28796699854652097	-0.24962103249996498	-0.151947669588885	-0.249153618281845	-0.0361828184511215
TCGA.24.1847.01	0.287094746481039	-0.19490064492768697	0.374153618281845	0.21741003705780898	0.0259122726289971	-0.0825983536378823	-0.000585433486231619	0.23442159489774897	-0.23635492583471696	-0.128328464708909	-0.24174388687665	-0.201091809512344	0.0257836249107301	-0.12484130342784598	-0.0781845112145578
TCGA.24.1849.01	0.30629206628216604	-0.0803834527142093	0.3581781633516721	0.0499207783219369	0.000216226792229292	-0.044575121895638	-0.0698505802418466	0.333182106054609	-0.125850560900193	-0.0196831957073515	-0.2704051944042	-0.243054359714961	-0.0330560887602788	-0.18588658484976703	-0.110029623360135
TCGA.24.1850.01	0.0948409098286037	-0.27548985916852897	0.0543800253914515	-0.0801798230358954	-0.17229728179317602	-0.141220905836018	-0.099968032405305	0.217163530367808	-0.363890754560825	-0.202264994206409	-0.29748449127014304	-0.263494517091853	-0.14900496622009302	-0.268937790943716	-0.0537981379602201
TCGA.24.1924.01	0.141138798028178	-0.134502538141076	0.302369868810834	0.0377370317623054	-0.0506337447935471	-0.167761959452396	-0.0535014232656234	0.243526585760797	-0.22979116629947602	-0.0711034802417367	-0.290829374286607	-0.274900360925262	-0.077600135907209	-0.214293271265341	-0.111563690224291
TCGA.24.1928.01	0.117550746241643	-0.23115274271577999	0.0722069403300889	-0.12289962327194599	-0.188613276763792	-0.17360709802406799	-0.141551442112466	0.19802139610425099	-0.193393956247143	-0.188201155955045	-0.353931363329992	-0.306782705935151	-0.183197821390566	-0.284860347016504	-0.12907321201862
TCGA.24.1930.01	0.16523744820197198	-0.13911847201713	0.32866060093102	-0.0573232844976128	-0.0968329032050044	-0.136651174754523	-0.018887664775198997	0.298060239974581	-0.268883088866685	-0.10862613212359698	-0.252098429995703	-0.27300129524488503	-0.103961051039651	-0.19281633516715999	-0.0415785019043589
TCGA.24.2019.01	0.0780092069930045	-0.266493239656937	0.0720482437579348	-0.0497102504770605	-0.16841243008859302	-0.13912125613334397	-0.181779195925021	0.0925412561663435	-0.26667610954007603	-0.242621982370808	-0.3455477419775189	-0.323519272603206	-0.16398838912371302	-0.28496614473127396	-0.142615319509099
TCGA.24.2020.01	0.0496286319133677	-0.265374133122904	-0.0825222175201016	-0.24854214570810002	-0.249253522278764	-0.238301835540867	-0.20843424762771598	0.0105701352238972	-0.25845472065541203	-0.258167230613961	-0.372998806054363	-0.26267504488616	-0.250567070760027	-0.400920440118493	-0.292477782479898
TCGA.24.2023.01	0.0669113374187962	-0.252836201551167	0.0608336859923826	-0.12210780959164999	-0.0780005740720364	-0.0201981078294679	-0.162966741865845	0.20242134500262499	-0.127877568431381	-0.19377727058443397	-0.279098612173317	-0.21183686710054397	-0.16268204325379199	-0.211807024968261	-0.15224291155310998
TCGA.24.2024.01	0.0414572569357624	-0.202949943835034	0.00851671603893355	-0.225073083345599	-0.206700643111992	-0.207970559663836	-0.177041503595673	0.0744978099492018	-0.339544507609632	-0.20061853601844798	-0.34204953364053997	-0.308417967635155	-0.24854429384253302	-0.290044435040203	-0.21365848497672402
TCGA.24.2026.01	0.11293378447898401	-0.170162210850944	0.15451756242065195	-0.0918646824194821	-0.0890953406008548	-0.159708864519334	-0.0882522148100423	0.198180782459548	-0.267534225562514	-0.18421682364696498	-0.30655804972917305	-0.219226061636985	-0.154645411974657	-0.18953660600931	-0.137960220059247
TCGA.24.2027.01	0.0429598479939675	-0.216164426968193	-0.150179856115108	-0.107176207871276	-0.303551091843654	-0.18256583540533602	-0.21002898404707201	-0.0148064604523936	-0.418736791221242	-0.316430450980912	-0.39850731782807597	-0.297192829847435	-0.24687628185205102	-0.35135421074904805	-0.2127063055438
TCGA.24.2033.01	0.0661354908889835	-0.189706997122773	0.004390605162928479	-0.20836186986216898	-0.225246361099597	-0.23749250612912398	-0.19661839011726504	0.12028823221162	-0.327185903724473	-0.18986905687177	-0.35618389273040296	-0.23759749926212098	-0.26891875823562195	-0.35251798561151104	-0.263330512060939
TCGA.24.2035.01	0.20570329336841603	-0.13926818775100197	0.26729792636479	-0.0765402413547591	-0.0783990260266486	0.0944413404755232	-0.0781098671713963	0.32253660843592497	0.08244069012913001	-0.0234703036132613	-0.318067635470297	-0.20495682664296802	-0.120403807958699	-0.264229792636479	-0.11526661024121901
TCGA.24.2036.01	0.0289982321573384	-0.311382640183616	-0.10923614049936502	-0.254497572270149	-0.351467197432675	-0.175215095969392	-0.26336991549428196	0.0516710155491497	-0.35296945228162696	-0.290303576943597	-0.40310909761368796	-0.471100009318068	-0.35254322016635103	-0.52904147270419	-0.22778247989843398
TCGA.24.2038.01	0.0190806902570883	-0.21910507953098698	-0.0331675835801947	-0.268884618653713	-0.19779331038218803	-0.225700175063978	-0.233344276339702	0.0194428864976786	-0.231409565782651	-0.242276813512018	-0.38655390693134395	-0.35999649797015504	-0.253104638704437	-0.270789250952179	-0.301100296233601
TCGA.24.2254.01	0.0832224413682712	-0.372550175346768	0.13822471434617	-0.28379258944379604	-0.290652858907182	-0.14703868973294199	-0.174461771407723	0.20541567289943602	-0.304120452226217	-0.15641488650849802	-0.33448449075280795	-0.40369544410413205	-0.308067366889123	-0.371826068556919	-0.27724291155311
TCGA.24.2261.01	0.15727907777546202	-0.211629244320891	0.34151502327549704	0.038668876282764	-0.0593119496134732	-0.16302430625657502	-0.0513880377759229	0.26789438089767603	-0.240228109742532	-0.152531045304015	-0.252032594890626	-0.189860751127127	-0.0455208117340432	-0.18477570884468897	-0.029464663563267
TCGA.24.2262.01	0.240199011296367	-0.22129819679673396	0.190859077443927	-0.0678409129914064	-0.11122218876164901	-0.18214254349910997	-0.11951717191344502	0.12032338064436099	-0.065717642755737	-0.148345996616397	-0.298496834156217	-0.279104820442641	-0.10081832493828802	-0.20715192551840902	-0.09188531527719
TCGA.24.2267.01	0.260970212045829	-0.0521373746652693	0.337653406686416	-0.00282297821088004	-0.0994137561557937	-0.10980021510665	-0.021175923812292	0.270675059654565	-0.290856099613507	-0.15691375080577696	-0.235333760971268	-0.24065805376847302	-0.0657463193140361	-0.140499365213711	-0.0499365213711384
TCGA.24.2271.01	0.20324798681317602	-0.0811670414128155	0.19731273804485802	-0.0830588684998058	-0.0952918013191893	-0.223290150517371	-0.0876457463784107	0.0758124805508507	-0.19045938606233603	-0.163786487614334	-0.288619201140068	-0.246965623332881	-0.0875968325140387	-0.19556707575116397	-0.0271900126957258
TCGA.24.2281.01	0.285816003462393	-0.18004787273372896	0.25227465086754103	-0.0636288588389201	-0.0700404366915962	-0.0358028864671119	-0.0728171530769261	0.23084641664021202	-0.314106770032208	-0.157864645467436	-0.271002104738376	-0.26360203579298896	-0.0730611319288837	-0.165467625899281	-0.031950909860347
TCGA.24.2288.01	0.241837897172594	-0.00393441301419035	0.277719001269573	-0.0269702877182024	-0.0933724885010923	-0.152087244253893	-0.0622110383898157	0.23269446556912102	-0.0667241657906553	-0.19880860761808802	-0.30622570195837895	-0.274832854688803	-0.0913982933723434	-0.18466991112992	-0.0404676258992806
TCGA.24.2289.01	0.20355580866227999	-0.280227838087143	0.24275285653829898	-0.18671575190779802	-0.21966389437138104	-0.255505266116686	-0.0996738232887248	0.243441763692488	-0.278031174297664	-0.146467122148839	-0.31716146596156203	-0.26268595819337	-0.191955110560463	-0.264494286923402	-0.0897164621244181
TCGA.24.2290.01	0.12824172854090501	-0.24766876383952902	0.227941176470588	-0.196616603858966	-0.19253153931637498	-0.10763478559533801	-0.148645197378825	0.25801197418170496	-0.29909443679114195	-0.0828322551765526	-0.313060595425677	-0.322801869510412	-0.20562295764076102	-0.267615319509099	-0.11923402454507001
TCGA.24.2293.01	0.285228134930075	-0.17655840042000503	0.344741853575963	-0.0617139690955948	-0.129420602814817	-0.10660096879192699	-0.12375447140852901	0.295167459802688	-0.172480161209816	-0.0221360364973329	-0.29120073227635196	-0.28297946476819397	-0.124271897379462	-0.22683030046551	-0.152084214980956
TCGA.24.2297.01	0.05245773878276099	-0.21009517625248	-0.110928903935675	-0.249983766476393	-0.240112589606137	-0.19517677915547502	-0.23649021893125002	-0.0268657444709013	-0.32561981205568796	-0.304793424138885	-0.40174380488089895	-0.35366311508774495	-0.258440253725557	-0.321625052898857	-0.16811256876851502
TCGA.24.2298.01	0.0981382460418592	-0.31994314223813103	-0.0282479898434194	-0.16986076356434301	-0.186746871847383	-0.23466338081507002	-0.149299446395425	0.0404041264842781	-0.20782785547681001	-0.246584944839327	-0.339067632775849	-0.336273516850774	-0.21708400492196203	-0.28792848074481603	-0.17879813796022
TCGA.25.1312.01	0.0485135145087017	-0.21229579578374802	0.043535759627592006	-0.200739522586428	-0.23406588956106897	-0.16619764144037802	-0.180019319830726	0.14207613639603303	-0.346761799160557	-0.22220917676532	-0.39527960253681504	-0.30172187544144896	-0.241958831257789	-0.28814007617435494	-0.222122302158273
TCGA.25.1313.01	0.12134383655685302	-0.28725585759454103	0.239367329665679	-0.233744196257366	-0.184121339712898	-0.142863484569942	-0.103447819064921	0.27831964145330795	-0.305836017014664	-0.0884508019183573	-0.335277546101978	-0.27663030300419894	-0.19757998694997894	-0.30961701227253496	-0.156845112145578
TCGA.25.1314.01	0.0682890602807673	-0.14136970488969	0.054961912822683	-0.12607410300273403	-0.155004859008074	-0.213083148512015	-0.136393971560652	0.10145635202075699	-0.25506586316820995	-0.23042440921998603	-0.35809953276431894	-0.272887410340637	-0.17522076537073902	-0.26502327549724897	-0.18038510368176003
TCGA.25.1315.01	0.0324563526413264	-0.321024889395349	-0.18752644942869198	-0.20846811481701102	-0.34849830761599704	-0.23291051587059602	-0.252137103872509	-0.0780983728931479	-0.329364545357362	-0.289062420395835	-0.41913075084896795	-0.328595837481945	-0.341232686235315	-0.418165467625899	-0.14256242065171398
TCGA.25.1316.01	0.050487431433594	-0.255485796345092	0.0594583157003809	0.104647645827742	-0.116353796784887	-0.14654857707049698	-0.145901135536952	0.0436307989698851	-0.0853447506525506	-0.260630595235021	-0.314230825344699	-0.239814209422349	-0.0949828855222971	-0.264335590351248	-0.14652983495556499
TCGA.25.1317.01	0.0542586076608012	-0.157621183291606	-0.0352306390181972	-0.235277694173953	-0.259965136288087	-0.147126928704607	-0.21809466492191798	0.0356475649151863	-0.25994874706277804	-0.22010596809608898	-0.37017465713019104	-0.296224690450381	-0.25740465894378195	-0.331464240372408	-0.23508252221752
TCGA.25.1318.01	0.0857061008418422	-0.291989155632586	0.12230215827338099	-0.264019899778181	-0.25876188582368603	-0.18839482068787697	-0.198688105564221	0.17881927847742302	-0.290545319846865	-0.18268097832719396	-0.35289882135871	-0.43561562070891297	-0.246745275939989	-0.30676047397376194	-0.22751798561151101
TCGA.25.1319.01	0.0614181375320645	-0.316212250639608	0.0963288192975032	-0.12194887052297301	-0.17873544931618202	-0.123894093985677	-0.14207572563386903	0.174243270266034	-0.0623211333908748	-0.224452818064011	-0.32982465596915805	-0.283455019908619	-0.17888232389551104	-0.25460220059246697	-0.139864578925095
TCGA.25.1320.01	0.0934312264497452	-0.24604569484225	0.10674989420228499	-0.185914828073704	-0.21349719474427997	-0.18428022791032198	-0.18860512414103894	0.163144689328405	-0.10496619201414199	-0.20190961071831398	-0.31076753133298496	-0.327018568062829	-0.22233659581526302	-0.31183876428269103	-0.130501481168007
TCGA.25.1321.01	0.0603703572951362	-0.265240060098427	0.0249153618281845	-0.26821372941516297	-0.292473033087143	-0.154893354318555	-0.21684230384910502	0.0826946847312196	-0.291438184522341	-0.191029221570778	-0.383065158063551	-0.281987406853838	-0.261682374242642	-0.33887008040626304	-0.234976724502751
TCGA.25.1322.01	0.0704647972268537	-0.25398426281498604	0.111352094794752	-0.282588581192334	-0.20797506395901397	-0.0990332435335672	-0.14666822894533801	0.261170300164465	-0.275808442768932	-0.151819569706138	-0.355922841148592	-0.309181746985222	-0.251617022930668	-0.320249682606856	-0.15996614473127402
TCGA.25.1323.01	0.0730886140395967	-0.21519335348826396	-0.0938954718578079	-0.196630794094704	-0.27882201784961	-0.0896044153471316	-0.165102813986038	0.0941377325151065	-0.36369267906665004	-0.22235624521506697	-0.3703780445804051	-0.334701514259625	-0.28986830958296994	-0.373889123994922	-0.18456411341515
TCGA.25.1324.01	0.0361817145571132	-0.188901514203799	0.00624206517139229	-0.0952989647663655	-0.20373840563765	-0.266352236487104	-0.129237229440564	-0.0730185057896433	-0.222342587105436	-0.292133736013248	-0.340606769360271	-0.27754812765100895	-0.166642263992693	-0.262907321201862	-0.16081252644942903
TCGA.25.1326.01	0.130034115297526	-0.198888694380133	0.240213711383834	-0.11830862007586801	-0.16021655635565699	-0.129052650929645	-0.13452341254291697	0.286096936306784	0.0196469546894387	-0.14339045523803198	-0.29083960482817306	-0.296256706076542	-0.11200824779839098	-0.235558611933982	-0.127644942869234
TCGA.25.1328.01	0.0743640076099938	-0.178160147403665	0.158326280152349	-0.182876033028665	-0.136675539373667	-0.12248018518955699	-0.171148488163819	0.13702684190969902	-0.18073799188037998	-0.19587456286139998	-0.273134448421932	-0.269285276026704	-0.20239024593712804	-0.261002962336013	-0.17959162082098998
TCGA.25.1329.01	0.0849829520423264	-0.159303542003379	0.149280575539568	-0.154353732162064	-0.21433562643863605	-0.195368506021058	-0.16151007664042802	0.21446646399590302	-0.219319298761508	-0.175643507893928	-0.32036348298451695	-0.306659347259805	-0.18873200744610802	-0.24920651713923	-0.19863520947947502
TCGA.25.1623.01	0.374558720171815	-0.132764470323345	0.396847228099873	-0.0170526841708674	-0.0587043016666784	-0.091305447156061	0.0254856706840708	0.29482060147472305	-0.112538995017481	-0.0828015435086846	-0.23901423828151003	-0.24235324055947502	-0.0265297260780132	-0.186521371138383	0.0350719424460432
TCGA.25.1625.01	0.145954435657894	-0.31903386878439194	0.17990901396529801	-0.139723385460787	-0.15166196042218302	-0.15592152260362602	-0.136892580269879	0.190974842040828	-0.196824683900638	-0.0926416347197221	-0.316731277100372	-0.297645311142601	-0.177101881314548	-0.329083791790097	-0.188055438002539
TCGA.25.1626.01	0.349778845176889	-0.192386079083875	0.390499365213711	0.0678608106976589	-0.10733784138072601	-0.17240856823210501	-0.0538919192228123	0.332078596904686	-0.10470864767447198	-0.0926839029304424	-0.26702329358069604	-0.26845265600805895	-0.0626214140605592	-0.207945408379179	-0.122566652560305
TCGA.25.1627.01	0.0784689981115414	-0.23619710572761	0.0327972915785019	-0.202643596197082	-0.202671545760835	-0.12667139070376	-0.19098080012092603	0.10137529742848199	-0.26265769564864	-0.18720187507833605	-0.37256135389887296	-0.28706599693463697	-0.181201178262547	-0.31538298772746504	-0.227676682183665
TCGA.25.1628.01	0.20505715131183397	-0.160479261437286	0.344318662716885	0.0880140942841396	-0.0705955180587017	-0.186855732345109	-0.0619664945036876	0.252869098538637	-0.221167096382409	-0.198384660481079	-0.29201370067433896	-0.30265109202867896	-0.0557780227148239	-0.18779094371561603	-0.039409648751587006
TCGA.25.1630.01	0.34958043971553004	-0.196645528102309	0.30549090139653007	-0.228415011342852	-0.139226820906452	-0.11868879086334198	-0.17067431638748298	0.267838776082954	-0.21406361662725895	0.0936932318979724	-0.299755129398716	-0.269475937633323	-0.18974372496545397	-0.289621244181126	-0.20958527295810397
TCGA.25.1631.01	0.0889991635652646	-0.338140060628984	-0.05480321625052901	-0.18211876312566697	-0.237299980196279	-0.09026925011252601	-0.234998890689041	0.172820006099552	-0.312633083536615	-0.211573621420849	-0.377552539605707	-0.369526071804829	-0.249446722309843	-0.37325433770630606	-0.19218154887854397
TCGA.25.1632.01	0.0260279708675005	-0.228555382906683	-0.14785230639018201	-0.324680212647581	-0.29931666887037894	-0.19364582672260103	-0.23735671769200797	-0.0518986765246528	-0.368329709941559	-0.25510891176049	-0.36746552130089594	-0.35350332978913396	-0.33796876798736103	-0.36812314853999195	-0.22254549301735102
TCGA.25.1633.01	0.186211318914574	-0.186968056752017	0.26793271265340696	0.00573131309219408	-0.11727307395018101	-0.14818631218857098	-0.0962599084698727	0.229833211019383	-0.235980566310322	-0.0917270705089475	-0.31308637484751	-0.22814454372198198	-0.0655539008519262	-0.226883199322895	-0.026661024121879
TCGA.25.1634.01	0.0487971772333669	-0.262462401956287	-0.17768726195514198	-0.29363051392496503	-0.323208115981318	-0.20333548261913	-0.13937975526075597	-0.135018807968719	-0.37778936814703296	-0.33656697215770404	-0.42364979219781707	-0.44210136667548905	-0.326148816895234	-0.523222598391875	-0.287611087600508
TCGA.25.1635.01	0.185723651595182	-0.30126513919799397	0.23719847651290699	-0.0714759338131355	-0.166756487002137	-0.21358150813344198	-0.137866174886135	0.206422204934838	-0.212172136985287	-0.173722074376258	-0.27415472494390597	-0.29157175513683903	-0.10051308229319	-0.24275285653829898	-0.10563901819720699
TCGA.25.1870.01	0.0475504537522254	-0.196693247547357	0.0795598815065594	-0.24928825921309802	-0.23234484831971303	-0.18080589759988502	-0.19890839172590197	0.133836939478531	-0.21644743587350398	-0.12308125442557001	-0.389380641661089	-0.28199940086346503	-0.29094345176817404	-0.334214980956411	-0.207945408379179
TCGA.25.1871.01	0.0135932355996951	-0.304588169820828	-0.228046974185358	-0.328722823437149	-0.308662338153997	-0.249400860133246	-0.244194800290727	-0.176320609947043	-0.147933975691126	-0.243297630657093	-0.439247596896246	-0.290698088202638	-0.301406110754519	-0.339663563267033	-0.239367329665679
TCGA.25.2042.01	0.257686276881277	-0.12843257870010302	0.22704189589504897	-0.10462472420796999	-0.186044368275274	-0.11088765873536802	-0.144417917226522	0.262271676513103	-0.120735542845371	-0.0634844313013823	-0.306078933092756	-0.31475957699602897	-0.15876883087910998	-0.24597968683876398	-0.203925095217943
TCGA.25.2391.01	0.122861755317818	-0.321406898151191	0.0961701227253491	-0.125789933906493	-0.182929193762712	-0.187152500372719	-0.176295893515279	0.14703834200555999	-0.276961986022203	-0.139420574299036	-0.372424430876844	-0.30742876599544106	-0.197659158669996	-0.26819720694032995	-0.19398011002962304
TCGA.25.2392.01	0.22456162581386	-0.29108083244007005	0.36251586965721505	-0.17994351686953797	-0.225925523829469	-0.127876327380953	-0.0661159245131333	0.318242702486835	-0.38078835140853395	-0.0671353011151214	-0.322325907416267	-0.31828281605571	-0.149305762562826	-0.275285653829877	-0.0299936521371138
TCGA.25.2393.01	0.13646905523483602	-0.240811676856343	0.0389864578925095	-0.12103594438966699	-0.168015850538415	-0.0838898502708402	-0.133187110352505	0.13762498872386	-0.39471143679671994	-0.131801115556721	-0.37940465900324893	-0.28149077336223	-0.201275021197838	-0.28676470588235303	-0.19710114261531897
TCGA.25.2396.01	0.0722675881229624	-0.20024474187213	0.13663774862463002	-0.0903360623055948	-0.0617135711023401	-0.15685927694630802	-0.0616597214116375	0.17277795086742498	-0.286759560351459	-0.187556436170075	-0.31673984316212	-0.24208891023721898	-0.130625404913464	-0.193186627168853	-0.11796445196783699
TCGA.25.2397.01	0.0774845554657498	-0.233095230921573	0.0567075751163775	-0.220711822402038	-0.19501640615061802	-0.227240133415047	-0.193574796873193	0.121954888446994	-0.256231807770236	-0.17429398268163598	-0.32149989165799897	-0.280988535428264	-0.27027056996794396	-0.348603470165044	-0.23376005078290302
TCGA.25.2398.01	0.0825395809050095	-0.18007123648681198	0.106591197630131	-0.190738921723042	-0.24050590514279999	-0.18127695828264703	-0.13251676226474599	0.203544409015544	-0.164157997538928	-0.196965267627402	-0.31816151557141303	-0.4658440987730879	-0.22649711750632603	-0.301682183664833	-0.181337283114685
TCGA.25.2399.01	0.128931226117247	-0.246007117341891	0.16848286077020702	-0.117259307425133	-0.0154445778624037	-0.145029670545585	-0.0862523742063861	0.242921975082063	-0.38335770723794804	-0.170553937619752	-0.284908793751469	-0.198389722024906	-0.156865157270679	-0.25	-0.147058823529412
TCGA.25.2400.01	0.0774210441786634	-0.272418145736214	0.0148116800677105	-0.162221306092654	-0.265319736041942	-0.24699872088054697	-0.208608535055175	0.15454987339402698	-0.316224628566303	-0.21477635660019398	-0.399198541638089	-0.30501539851209597	-0.24572849772795302	-0.323635209479475	-0.14346170122725302
TCGA.25.2401.01	0.259829666479657	-0.166108569589647	0.361563690224291	-0.0634690462132211	-0.128664529550069	-0.10132957978693198	-0.0799850929366013	0.308406671997915	-0.21290808565311	-0.0910018273012693	-0.27851079001741497	-0.26502343269233397	-0.132965292090248	-0.215457046127804	-0.0391451544646636
TCGA.25.2404.01	0.10350336225151599	-0.238775234497807	0.0872831146847228	-0.12965487175855	-0.15507329002898998	-0.204324259447735	-0.16713247586208801	0.1698195795354	-0.221326781754476	-0.16545837945970002	-0.312813346639877	-0.304794847780565	-0.18864023418531198	-0.273381294964029	-0.18657426999576798
TCGA.25.2409.01	0.11999412234872099	-0.20999280909837	0.180755395683453	-0.194354371811752	-0.0501245525800676	-0.109577985633302	-0.132570651334842	0.251012154414992	-0.374980174930254	-0.178363515751941	-0.26633757697497	-0.18866684739536901	-0.170529163505238	-0.235611510791367	-0.13647905205247599
TCGA.29.1688.01	0.10318966920191901	-0.287845473473376	0.24978840457046103	-0.0758467796291749	-0.0522854291350878	-0.18832017998431697	-0.091429983677595	0.24898002048127302	0.0329956347262896	-0.118361728085794	-0.241999594783412	-0.175891953155165	-0.12145527269011899	-0.207363520947948	-0.09685780787135001
TCGA.29.1690.01	0.10886512546563001	-0.268518402095067	0.30057130765975504	-0.125323183571705	-0.15015493566958302	0.129398389778212	-0.155020685263229	0.315305481797261	-0.165003865702961	-0.119666991928974	-0.271703467862458	-0.25690930833085296	-0.10021516295186801	-0.262008040626322	-0.0774439272111722
TCGA.29.1691.01	0.0784900989578772	-0.305288556867978	0.0316335167160389	-0.11971068258884698	-0.206869241082454	-0.211435007278749	-0.167012505094974	0.136545449079955	-0.303749243394095	-0.197345816853078	-0.358859581376849	-0.286370234846829	-0.201178275263422	-0.308400338552687	-0.165732120186204
TCGA.29.1693.01	0.0872511918861857	-0.221818744736073	0.0865425306813373	-0.17028980626450502	-0.12297438585314299	-0.201193065256653	-0.149314637516578	0.11196103290700199	-0.233504862978052	-0.21457858595223103	-0.32389893280563103	-0.24228840812476898	-0.202421496247208	-0.287716885315277	-0.19847651290732102
TCGA.29.1694.01	0.0985181362756585	-0.30525064228528304	0.0717308506136267	-0.19872678219133702	-0.166388594590926	-0.186657003430457	-0.19328257168451302	0.0908678444129953	-0.174671655571435	-0.217564718301404	-0.320385239348783	-0.27427970610186897	-0.209486273595807	-0.298984341938214	-0.16208209902666101
TCGA.29.1695.01	0.13245443734644302	-0.26652591252117896	0.33061785865425297	-0.08669375563435601	-0.10956207816315598	-0.17490942345194596	-0.0944891394776761	0.31632032267842797	-0.11729690253563302	-0.1313493202562	-0.286955743003993	-0.25692247892888004	-0.149126510571189	-0.25021159542953897	-0.173666948793906
TCGA.29.1696.01	0.0310399089453129	-0.312039787266545	0.00782903089293271	-0.179186111983645	-0.20383668025543697	-0.186150701402603	-0.221951522905341	0.019870709495327	-0.4376865248791721	-0.256893829172726	-0.372879900329926	-0.281105206154445	-0.17228909459962805	-0.278195090986035	-0.203237410071942
TCGA.29.1697.01	0.0389279538091999	-0.27098655256958304	-0.0916737198476513	-0.0234243798506283	-0.248066299324927	-0.277474877963966	-0.186528065513126	0.0245016496364969	-0.38213759682319703	-0.289222571858871	-0.39284272823938	-0.309308430518089	-0.22512569030186802	-0.36442022852306394	-0.13568556919170502
TCGA.29.1698.01	0.100323962712601	-0.27051344080615497	0.0567604739737622	-0.176443892360828	-0.211502170374268	-0.18792479479220603	-0.174021864342746	0.130476690925059	-0.222745851382267	-0.21621679656720103	-0.35127734409879996	-0.319075116876704	-0.171281496083478	-0.24481591197630104	-0.116959373677529
TCGA.29.1699.01	0.136788072788647	-0.125751181280536	0.252803639441388	-0.19345256782658998	-0.0626123135504283	-0.12113395674789801	-0.0178470842250386	0.311354664043816	-0.25337157672648897	-0.142346272869428	-0.25258548572317	-0.20999800393933804	-0.13715063682302697	-0.20376639864578897	-0.0702496826068557
TCGA.29.1701.01	0.12368942906132599	-0.202730304403965	0.19218154887854397	0.00622623763456316	-0.12521721852042	-0.174244520589326	-0.109994900326852	0.20625714876523896	-0.20986960304773603	-0.134433834147005	-0.324598138107002	-0.235645101076481	-0.0974177947235464	-0.287716885315277	-0.17028142192128604
TCGA.29.1702.01	0.045933594859712004	-0.28149430584334695	-0.0901925518408802	-0.235173523300303	-0.31805696932710403	-0.250725529709713	-0.192934326908152	0.0324204810303432	-0.24944957659035602	-0.268536143745746	-0.452708755465335	-0.3666216411106721	-0.306135556632741	-0.5295175624206521	-0.24661447312738002
TCGA.29.1703.01	0.041575639338058995	-0.329159981803122	-0.0106855691917055	-0.19535833759026397	-0.16929680526816598	-0.19017031234391196	-0.10605111635930499	0.0648857285416087	-0.34737388589228696	-0.226749571147579	-0.332856459966959	-0.285863603515909	-0.21430979228988603	-0.28956834532374104	-0.15144942869234
TCGA.29.1705.01	0.101890937593039	-0.242951817153638	0.158802369868811	-0.16379352501024697	-0.20567837358141	-0.24037475568646	-0.17896686814809698	0.17802790569507698	-0.233619359840189	-0.21236564437873498	-0.33223907575511896	-0.32007968036128803	-0.18233962547993002	-0.27946466356326694	-0.156263224714346
TCGA.29.1710.01	0.311696648165414	-0.20262856488220102	0.380977570884469	-0.00568707983728767	0.0596097886984461	-0.15882139817800597	-0.0439581477235284	0.26283282987029394	-0.224748236510124	-0.149777989236369	-0.2186817694943	-0.11287698628121	-0.0648726899304697	-0.161764705882353	-0.00481379602200593
TCGA.29.1711.01	0.122876326172174	-0.319740286873863	0.23164409648751602	0.0270071571403655	-0.0460641002253868	-0.16525172965388402	-0.0606511960486045	0.19964091572194098	-0.24152418473106	-0.165465952934599	-0.24548489726025302	-0.15628130115316502	-0.0709026002732861	-0.16314007617435503	-0.0915150232754973
TCGA.29.1761.01	0.138089962518046	-0.277377123233388	0.15843207786711802	-0.00975925930858889	-0.0974689895914592	-0.21013776314801197	-0.10919670777169802	0.15303814408121	-0.340137493246604	-0.21923482257742902	-0.35788366421330103	-0.241786723842024	-0.12297853095252499	-0.27824798984341903	-0.0853258569614896
TCGA.29.1762.01	0.0678286598463512	-0.31701446765137	-0.0500952179432924	-0.215565063221858	-0.34679561444702295	-0.133763949300659	-0.209199253354715	0.0970908215899661	-0.33830654612237393	-0.174235330580005	-0.41869858309227204	-0.274176036328079	-0.322680278823902	-0.528459585272958	-0.26412399492171
TCGA.29.1763.01	0.0955956033758019	-0.211722487495195	0.0846910706728735	-0.199899719611925	-0.19498071971185896	-0.0296910694473129	-0.11196296675746199	0.17230617541101903	-0.357606719152301	-0.210020211558024	-0.363200139023421	-0.341276754422644	-0.22888327841555398	-0.25640076174354604	-0.214980956411342
TCGA.29.1770.01	0.058746397254464004	-0.214777916652519	-0.0040732120186204	-0.21542862286093697	-0.180771914848525	-0.241726978386275	-0.172548933550583	0.10492752451035199	-0.274884894881546	-0.206124367323302	-0.354612223146331	-0.320904193724908	-0.24302663609252398	-0.31194456199746096	-0.251851460008464
TCGA.29.1770.02	0.06643919633063901	-0.214037441983591	-0.00925730004231909	-0.24000004277178696	-0.135067065734171	-0.323893980261424	-0.181152238304744	0.10524000494856199	-0.30324071315655393	-0.220467888684673	-0.365770991734001	-0.265260828999845	-0.264680931117675	-0.30184088023698696	-0.25417900973339
TCGA.29.1776.01	0.0576512235780922	-0.24000371182737498	0.0507300042319086	-0.117157529060949	-0.207304861911313	-0.22796574723142396	-0.16998875364213903	0.0458085506744221	-0.18474381786709804	-0.22870828550976802	-0.36732932499556603	-0.31361901311458396	-0.180491640022773	-0.273063901819721	-0.185569191705459
TCGA.29.1778.01	0.110293838982789	-0.199813073833469	0.19281633516715999	-0.101007403494725	-0.0442317002166116	-0.0262371279960808	-0.11121184149656699	0.16839705331034802	-0.23556273626058702	-0.23262878707012302	-0.291451123115161	-0.23683902205873397	-0.10767564220921799	-0.17800465509945002	-0.0920969107067287
TCGA.29.1781.01	0.180813039196654	-0.0535334426518279	0.369286923402455	0.14820221089033098	-0.00161774153290692	-0.04362348068243	0.00322160962296081	0.29933332124437	-0.281950083695334	-0.10830103875657801	-0.25242003757686604	-0.208921779531894	0.0113287375475492	-0.1308717731697	-0.08924037240795599
TCGA.29.1783.01	0.12143549656629199	-0.19891994601419896	0.21540414727041896	-0.103022963270384	-0.18064047678548298	-0.0828483086142711	-0.14386446613057502	0.228549356466823	-0.215573890133661	-0.15564416970550302	-0.32326515701599395	-0.290626254593587	-0.17083431373080102	-0.278671180702497	-0.113520947947524
TCGA.29.1784.01	0.159674849556211	-0.158931997705035	0.28152771900127	0.00397912796282708	-0.0920668162047905	-0.109232195280755	-0.109221426348297	0.20296899881545202	-0.232512336279695	-0.13918149453288903	-0.288715595559557	-0.247073330973784	-0.0703350601788641	-0.195831570038087	-0.11526661024121901
TCGA.29.1785.01	0.0965779459706547	-0.19417556626590698	0.301999576809141	0.0754199454452396	0.0213542855645965	-0.16064396487448498	-0.0050544613316721295	0.23606341904734898	-0.22570211413971397	-0.14106091700809398	-0.22231452675392102	-0.15155640467621698	-0.0417737325993753	-0.138277613203555	-0.00544858231062209
TCGA.29.2414.01	0.0471988761343119	-0.22639322296128198	-0.0937367752856538	-0.199499780762166	-0.332447092100816	-0.261457903264954	-0.21140872309018302	0.0106414263599423	-0.236577999696148	-0.257088178723105	-0.347513699672904	-0.39996849318489497	-0.26977340977557895	-0.338922979263648	-0.25126957257723204
TCGA.29.2414.02	0.14967459801584	-0.136260726910291	0.235505713076598	0.053730465571021	-0.101712416505797	-0.119636947477687	-0.0919032548704901	0.11870590583757598	-0.269484387348562	-0.235464311860777	-0.31030026618354806	-0.225770666841425	-0.0828246915009167	-0.18027930596699104	-0.0754866694879391
TCGA.29.2425.01	0.0610344963400271	-0.163694629029568	0.0383516716038933	-0.177692204008227	-0.12167548723156299	-0.16969304935733803	-0.16557194642617099	0.0667001396570451	-0.180584759840095	-0.228850714424505	-0.309912401364868	-0.23868617220616103	-0.203795219177841	-0.226142615319509	-0.18345323741007197
TCGA.29.2427.01	0.290086382204691	-0.19262721430808202	0.388647905205248	0.156799945443971	0.0998183723736254	-0.17803295247513198	0.007965343444665441	0.302903964284633	-0.179008677718484	-0.113848440172403	-0.18358871679676503	-0.13166214903041598	0.0147289083093437	-0.10923614049936502	-0.0573952602623783
TCGA.29.2428.01	0.11744403508036601	-0.10683391181136999	0.25116377486246305	0.0377773285575515	-0.0393429772257418	0.0369565798141456	-0.0806848886575551	0.208845982388059	-0.23298210778671696	-0.17981819142380603	-0.274215915238907	-0.23504271081846498	-0.0183130329985122	-0.15975454930173497	-0.0506771053745239
TCGA.29.A5NZ.01	0.0326013567720752	-0.284984388779825	0.0913563267033432	-0.242977031976825	-0.24797273127086603	-0.20913181868135	-0.195222565236892	0.066668797178306	-0.267553671964322	-0.26034100498310303	-0.33837029860042794	-0.29058171738578803	-0.223489085376426	-0.287082099026661	-0.0916737198476513
TCGA.30.1718.01	0.166822777241379	-0.237737823424672	0.143726195514177	-0.0959890420043837	-0.12843326467981403	-0.229200243615756	-0.15194066791167002	0.12749344078747302	-0.247724713834222	-0.233686487611635	-0.336225890030342	-0.278983468910118	-0.13192510808319	-0.220376639864579	-0.10960643250105802
TCGA.30.1855.01	0.13550598328649302	-0.147109656249202	0.20466567922132897	-0.0955284783145395	-0.154735228285877	-0.238172694108162	-0.130238949056479	0.164887638772803	-0.27481219579083	-0.163055349190397	-0.29336699667796196	-0.28472634127130503	-0.09296157170684301	-0.226301311891663	-0.0490372407955988
TCGA.30.1857.01	0.124668841027062	-0.291282287387075	0.18779094371561603	-0.0610186791188278	-0.0957488115247428	-0.25235954268566396	-0.13972184999193302	0.12318232434841901	-0.152701151777048	-0.22182296280615402	-0.330654556414217	-0.24044493142198603	-0.123079167704784	-0.24592678798138	-0.0919382141345747
TCGA.30.1860.01	0.209468642027908	-0.22332710758518398	0.28623571730850605	0.0698956993365163	0.0902321159470177	-0.13558344808529402	-0.0215570038953305	0.212906738526026	-0.253185899605964	-0.12833000796367403	-0.205924525917935	-0.18342894587070105	0.000484715129788445	-0.160918324164198	-0.10235928903935698
TCGA.30.1861.01	0.0827317533894677	-0.21711671303471	-0.069033008887008	-0.241537385173032	-0.269327513815848	-0.263045368358453	-0.21150758809694503	-0.0137578426638981	-0.35046123592306705	-0.30007952009740396	-0.35315492970639206	-0.36834114109738997	-0.260226441550381	-0.341567922132882	-0.193080829454084
TCGA.30.1862.01	0.10386692887739801	-0.191821310402836	0.048666948793906	-0.11371821040509	-0.18201177478110897	-0.24651063393943998	-0.16957991514682402	0.0475544201193569	-0.229686065177799	-0.219565713831506	-0.313470694574389	-0.3215719156258	-0.17628365861887696	-0.26370080406263197	-0.164039356749894
TCGA.30.1891.01	0.12807652409319198	-0.18706236764541398	0.11415573423613999	-0.0651687193774699	-0.11828513371497698	-0.15981136668548598	-0.122971255349392	0.150101580314437	-0.16758542575371	-0.191856875920119	-0.337371778780908	-0.237521950608517	-0.130850204677709	-0.23973762166737198	-0.19768303004655105
TCGA.31.1944.01	0.136100761186679	-0.187199861671305	0.12965509944985198	-0.151195878727197	-0.169548426074537	-0.1405706421052	-0.17574018929119	0.161112565014857	-0.282245570544944	-0.15956122054683403	-0.322266909961637	-0.307161544135628	-0.164361715612917	-0.265552264071096	-0.11627168853152803
TCGA.31.1946.01	0.169152174769555	-0.21007963055902698	0.21482225983918696	-0.127494601028206	-0.151627052373992	-0.14578099071163197	-0.117114919180364	0.270357695071904	-0.145092911997382	-0.17044062714730804	-0.18834679646226302	-0.292848788470698	-0.15099973371065198	-0.250423190859077	-0.0864896318239526
TCGA.31.1951.01	0.11196817905790898	-0.20612420091407102	0.257088446889547	-0.120371016829191	-0.0586784486845357	-0.13676375125279	-0.0781366998861709	0.24994317562317497	-0.25781746527291605	-0.164745173182255	-0.27766070843199203	-0.23906019169993697	-0.13370666029252698	-0.203396106644096	-0.0284066864155734
TCGA.31.1953.01	0.168323688974648	-0.27264719800832	0.405152348709268	-0.0532287774483734	0.0980981424666599	-0.116594635383884	-0.0347579944014135	0.295090544832533	-0.312506990336546	-0.0893036173512876	-0.163012991526867	-0.145759039339817	-0.0775039373890853	-0.158379179009733	-0.0389864578925095
TCGA.31.1956.01	0.24576093820874698	-0.155088878013868	0.4663563267033429	0.16425621575396	0.0554189368808152	0.12501180416701801	0.009095084925761691	0.397741832470707	-0.14045000396399498	-0.07683780206741299	-0.19547622146338298	-0.18474904568232603	0.0573572260088069	-0.159066864155734	0.0166102412187897
TCGA.31.1959.01	0.227924559809147	-0.16972707039423998	0.30051840880236996	-0.0945159809622506	-0.12517242454894098	-0.0864580452999337	-0.0751100365585175	0.272747317019029	-0.19764051142489103	-0.0678767557860948	-0.306240367394085	-0.25479121182682296	-0.0931564397413641	-0.253808717731697	-0.119974608548455
TCGA.36.1568.01	0.0935719059023287	-0.233473509468714	0.17477782479898402	-0.0995006540541764	-0.12977413730846002	-0.12568116118422698	-0.14084357925965302	0.16491238985892098	0.0244161937998962	-0.17583481469012902	-0.27514994335521004	-0.26754403909428304	-0.141078561582327	-0.261320355480322	-0.0763330512060939
TCGA.36.1569.01	0.19316145683348	-0.118548953953612	0.33844688954718605	0.0370388519336008	-0.113603258223131	-0.18355213809396803	-0.0945907938473608	0.20688957720029197	-0.18605146412237397	-0.14479074992401	-0.296789019867645	-0.255222357459323	-0.0641089644619998	-0.205035971223022	-0.0700909860347017
TCGA.36.1570.01	0.0476916257280437	-0.331304516658977	-0.000211595429538726	-0.21428045391610898	-0.238940372852307	-0.202145242500524	-0.20375242870468802	0.0934255819716234	-0.339287140964878	-0.229265469643068	-0.34391782181616	-0.33743747465394897	-0.222806540347258	-0.309088023698688	-0.190382987727465
TCGA.36.1571.01	0.0349886524640863	-0.34221273286497994	-0.0885526872619551	-0.245891774737473	-0.235851481015663	-0.157620919150668	-0.208862294250337	0.0107904195440494	-0.18266948725424598	-0.257742553126098	-0.39271696758394703	-0.292824562642149	-0.14546608663294502	-0.33987515869657203	-0.18466991112992
TCGA.36.1574.01	0.0676045754009177	-0.296484827142917	0.143831993228946	-0.16465945734566	-0.14682967952572198	-0.171078410533061	-0.15656160812317302	0.170288861526528	-0.21970529119291898	-0.16583704516792902	-0.26518383580176996	-0.26343131417584803	-0.148252498915393	-0.24222386796445197	-0.126163774862463
TCGA.36.1575.01	0.0258887164645988	-0.267336269728573	-0.12997249259416002	-0.243597706338808	-0.317684960432284	-0.238801774215924	-0.233741518863208	-0.0660164601257609	-0.30737894179264397	-0.333389210103624	-0.41192261875942404	-0.30272324401791	-0.31596673234451694	-0.39388489208633104	-0.20672873465933103
TCGA.36.1576.01	0.265219649942059	-0.129559924527075	0.31913880660177696	0.009545321891684291	-0.0968507923436994	-0.114179041537905	-0.108278071640652	0.281344511054093	-0.0967817590861177	-0.15304442843290197	-0.248923465310571	-0.24069186050977104	-0.030549143161035	-0.19837071519255198	-0.0314219212865002
TCGA.36.1577.01	0.10355779297518	-0.313695923341344	-0.0698793906051629	0.18037901601398698	-0.3354011018752	-0.17733510243268802	-0.23525489524247	0.0474617865766422	-0.399363316696669	-0.192897763873263	-0.387153255123705	-0.40911782331156	-0.348290328537689	-0.41075962759204404	-0.21344688954718602
TCGA.36.1578.01	0.0895173663587279	-0.20259056387835897	0.287399492170969	-0.00101973494349403	-0.0542395706419836	-0.187260135855344	-0.0772959804396844	0.219834551528397	-0.222043053779696	-0.11571758577577199	-0.232454374739621	-0.19361680808107604	-0.0771335928089159	-0.18049090139653	-0.0499894202285231
TCGA.36.1580.01	0.15122252526839	-0.19622335434289898	0.24169487939060502	-0.0468449177439083	-0.143394090424667	-0.0327075543588418	-0.12719370738233401	0.23325115298794002	-0.14016776915368498	-0.162917019236353	-0.31446571551173497	-0.321393873484511	-0.11597448177174802	-0.236986881083369	-0.0944773592890394
TCGA.36.1581.01	0.19495238585378	-0.0934965140996373	0.36479052052475697	0.0700891636336704	-0.0799480321425708	-0.11561362321538002	-0.0075845938907454	0.23646748626239003	-0.308224513967294	-0.090426471166907	-0.250560678556788	-0.22585457679591897	-0.0056605363540086	-0.146424037240796	-0.0463393990689801
TCGA.3P.A9WA.01	0.0767658859551187	-0.274563260568564	0.00195725772323317	-0.21423502009296302	-0.21198092618976103	-0.19674704337448198	-0.19662897541025	0.0152800826447823	-0.328688934223772	-0.192253875645554	-0.350159154935948	-0.368531813855041	-0.208682369892591	-0.258040626322471	-0.143726195514177
TCGA.57.1582.01	0.078132454921112	-0.159543722436231	0.10103681760474	-0.140630946532434	-0.200102920121982	-0.172790800822861	-0.0827594124643309	0.13465360746401597	-0.235611204940545	-0.23106682702310896	-0.326215465510467	-0.268853508639457	-0.148272093601948	-0.301417689377909	-0.147482014388489
TCGA.57.1583.01	0.0199933118369598	-0.21634645664793103	-0.0758040626322471	-0.23796539399844602	-0.205909689125368	-0.207635965096193	-0.17594113787262303	-0.009107535371265879	-0.284040266156891	-0.26779373164450104	-0.349773103186779	-0.32719392248254603	-0.27478677206923	-0.28015234870926803	-0.226089716462124
TCGA.57.1584.01	0.084977140411361	-0.336839399243707	0.10807236563690198	-0.161287555888736	-0.182347634144046	-0.221339424582557	-0.207903430839859	0.123725082586004	-0.353612285745971	-0.20130932897895298	-0.3524886285103879	-0.291520557072529	-0.173484818248442	-0.278882776132036	-0.250423190859077
TCGA.57.1585.01	0.160712922203324	-0.17932966865208602	0.232754972492594	-0.10281257199555499	-0.17921399344645803	-0.148477370931824	-0.102938549860387	0.218611122685993	-0.132020738682145	-0.138102898009491	-0.305191176355237	-0.298106918086116	-0.13895376927547	-0.24910071942446002	-0.11558400338552699
TCGA.57.1993.01	0.0461623500042855	-0.289650045065124	0.0322154041472704	-0.267461819336509	-0.29625016546630895	-0.148575623402897	-0.12271242668501699	0.207781164648476	-0.33875693265175605	-0.156066798916875	-0.38187368959232504	-0.33478113528782694	-0.252912062174041	-0.351407109606432	-0.210801946677952
TCGA.57.1994.01	0.14566989527991503	-0.20387989889318803	0.32643884892086306	0.029063272389773995	-0.12392014363325	-0.17561712856081302	-0.0833252463759721	0.210817210646313	-0.373189307464225	-0.199490149383036	-0.277896126704873	-0.273817871575534	-0.0633126458499004	-0.19355691917054602	-0.10272958104105
TCGA.59.2348.01	0.160368187306793	-0.174121971448117	0.0822048243757935	-0.151709019112605	-0.17905321428466	-0.21802895741582898	-0.17469827361660997	0.138895788315191	-0.26081179699980805	-0.175072413825011	-0.31538247728472696	-0.282998550825044	-0.196823723320426	-0.270048666948794	-0.148222598391875
TCGA.59.2350.01	0.17719382904937497	-0.20924178633203	0.00412611087600507	-0.13447753415161098	-0.20674220268342602	-0.256649941733289	-0.19597207113192897	0.0748435806362332	-0.235611098738476	-0.25415262865899696	-0.34117562900867104	-0.243972388279587	-0.22176878116882898	-0.24026661024121898	-0.191969953449005
TCGA.59.2351.01	0.24905811553707302	-0.162350499773254	0.270789250952179	-0.11349403008912301	-0.123491292852745	-0.0620468344219199	-0.14467652037220002	0.24504851757729898	-0.319058149899005	-0.199272466452161	-0.302450403955766	-0.22730821616128896	-0.119364410037258	-0.19339822259839198	-0.105744815911976
TCGA.59.2352.01	0.124038099115378	-0.21048251437729198	0.0947947524333474	-0.056068681301178	-0.143195307249406	-0.0937396663734857	-0.11857309358361401	0.13225522448987	-0.285561047649029	-0.230315703124102	-0.321377981650723	-0.260051474095355	-0.18629903130454	-0.244868810833686	-0.137166737198477
TCGA.59.2354.01	0.181476160428926	-0.227822048947761	0.264071096064325	-0.0870166148442877	-0.0772160283982817	-0.142531761048499	-0.11197403821540701	0.224582840621557	-0.265900755197284	-0.17172034599409	-0.268013930060049	-0.208489230189846	-0.0909957892957104	-0.220694033008887	-0.0993969530258146
TCGA.59.2355.01	0.100392164166923	-0.31683581110015696	0.0442763436309776	-0.0882023242546936	-0.133852995202173	-0.128650038620548	-0.17479826765896697	0.14253816755836402	-0.324087811913236	-0.24654780774289803	-0.347978852296848	-0.27584420553862604	-0.15976563038277802	-0.24465721540414703	-0.148857384680491
TCGA.59.2363.01	0.0707535155071006	-0.222913808092567	-0.0699851883199323	-0.153207816789158	-0.281480298068589	-0.18428806500623698	-0.21756882225581697	-0.0023437243540743603	-0.33259655887955397	-0.203615856899432	-0.36497133731743203	-0.296993891396555	-0.28027757222102506	-0.323317816335167	-0.317763436309776
TCGA.59.A5PD.01	0.174489345924953	-0.28251222883625393	0.0185146000846382	-0.207105137879523	-0.192285112981059	-0.193942533236311	-0.17407633520014998	0.0379512177279366	-0.30591816388864695	-0.24137723388176396	-0.34584497139559806	-0.27899665830748305	-0.18155148969874102	-0.26311891663140097	-0.13626745662293702
TCGA.5X.AA5U.01	0.0116465384656883	-0.262588266932613	-0.0969107067287347	-0.323594308746455	-0.357045250443593	-0.24539596072066003	-0.218973314747466	-0.07427674258490201	-0.369516182479357	-0.315493408043084	-0.3836114062375	-0.386677945125421	-0.35131293262100605	-0.5300465509944979	-0.23968472280998698
TCGA.61.1721.01	0.0557718264713908	-0.27097081166657	0.13267033432077902	-0.11936449461302501	-0.136260852721031	0.0402767824133102	-0.0981122516973605	0.279457350507157	0.0788014413921145	-0.198959309070983	-0.37111393185855107	-0.284967136257743	-0.14650141960371302	-0.223920863309352	-0.21752010156580603
TCGA.61.1724.01	0.0902752670873841	-0.24608988802846202	0.0819932289462547	-0.183954070812733	-0.148459344144654	-0.192842734669796	-0.19111410327936898	0.12579663497279	-0.299209131729544	-0.221280559084314	-0.309621326055655	-0.21762701134951604	-0.20183604433526103	-0.254337706305544	-0.16964663563267
TCGA.61.1725.01	0.10567449035536901	-0.282886833969274	0.12134997884045698	-0.11685368823100802	-0.11585642318100199	-0.197703592250974	-0.160421814746243	0.143192222254844	-0.221351148655442	-0.14891506682212902	-0.34260094672628	-0.227468299739199	-0.171516656608331	-0.307501057977148	-0.181178586542531
TCGA.61.1728.01	0.0581428201596855	-0.228995504281595	-0.0029094371561574303	-0.22790883464809	-0.21717682381049105	-0.18150114844139	-0.143768482659073	0.0688651055268649	-0.231245446819368	-0.15099940028148098	-0.369627748772974	-0.339998540020776	-0.267550925413223	-0.340880236986881	-0.185727888277613
TCGA.61.1733.01	0.0599604105397378	-0.209578230969031	0.0141239949217097	-0.121530043573169	-0.22428450698827598	-0.257270753290533	-0.180903562552893	0.0710973033883861	-0.29503565693899503	-0.216283765922667	-0.37580782024973897	-0.31657142134369204	-0.259355474013377	-0.305966991112992	-0.26121455776555197
TCGA.61.1736.01	0.0781675044047941	-0.213196479049495	0.13864790520524803	-0.180404798830439	-0.153939883670425	-0.21884616534899	-0.17696620410006603	0.175405691595298	-0.294450997569019	-0.15337719390378	-0.35158369219942304	-0.24610463894094398	-0.211445981616938	-0.272217520101566	-0.22106432501058
TCGA.61.1737.01	0.0924363779480293	-0.27732769667263696	0.17091620820990303	-0.126571663611511	-0.17337427262259802	-0.18819001577069303	-0.16033414506098098	0.22497517922841298	-0.17518765332341601	-0.202781085457097	-0.317171635780732	-0.31184117525444205	-0.19520265362666	-0.293641557342361	-0.148698688108337
TCGA.61.1738.01	0.0666923588746409	-0.295007005682583	0.00777613203554803	-0.101287329273169	-0.17344675324126904	-0.22207011180548702	-0.167617137389962	0.15569892652812303	-0.149077190029214	-0.16473049200508702	-0.30964355757614603	-0.26773566531995696	-0.20869738464347198	-0.5268197206940329	-0.20027507405839998
TCGA.61.1740.01	0.224144914348757	-0.155348863290629	0.300730004231909	-0.0253944935439294	-0.0742023276925713	-0.154098428573329	-0.0446246178402104	0.261643889135191	-0.285282302590531	-0.15049245974537698	-0.275544105370657	-0.278308620472368	-0.0433576380199562	-0.203131612357173	-0.0455459162082099
TCGA.61.1741.01	0.0760553103072761	-0.16942432361573997	0.11293906051629302	-0.17653412169896499	-0.229434542411311	-0.144838028898461	-0.14197258089405498	0.14291720153653	-0.333023555520627	-0.27471604288734497	-0.322019042352498	-0.28281420829017	-0.192585907518621	-0.25989208633093497	-0.0904570461278036
TCGA.61.1743.01	0.0410511852132449	-0.177647537964129	-0.057606855691917	-0.237840063716278	-0.243538047408559	-0.214980136416948	-0.18662249246091198	0.0325116983350427	-0.31812712824866196	-0.240280956892793	-0.34633899054271994	-0.278457089052062	-0.23803858917144397	-0.294117647058824	-0.196148963182395
TCGA.61.1900.01	0.0410737074761775	-0.26254882561744103	-0.0941599661447313	0.0298158772425711	-0.31064590336723996	-0.22413372742114	-0.225638985260379	-0.0453699383142019	-0.28809401045340804	-0.28474288031152195	-0.366349266795391	-0.380997980271187	-0.266550703514117	-0.314748201438849	-0.213764282691494
TCGA.61.1907.01	0.11859322944118099	-0.221088432999453	0.29226618705036	0.0686205349087331	-0.0346287078429688	-0.0235278848798238	-0.0792075364547708	0.255069869301592	-0.210209050073358	-0.11108755746095199	-0.307624221496851	-0.19487046378193804	0.0226003528742191	-0.173455353364367	-0.0284595852729581
TCGA.61.1910.01	0.0437202268786288	-0.271793370213733	0.0400444350402031	-0.23731423114342998	-0.239260828112492	-0.20430539625217498	-0.178759189621302	0.108268960878049	-0.245287483843165	-0.23051254399980198	-0.341807063511744	-0.31678330826621004	-0.30433144153948	-0.35304697418535796	-0.165414727041896
TCGA.61.1914.01	0.13463765064382802	-0.200339159855441	0.15393567498942	-0.15483266968613402	-0.16928521666910096	-0.116788447699541	-0.17440180589667997	0.19310917933220997	-0.170299624117046	-0.155027318250465	-0.344136655772605	-0.25722728406798395	-0.182361198921757	-0.289621244181126	-0.19651925518408803
TCGA.61.1917.01	0.0724386316644069	-0.181761783254425	0.11299195937367801	-0.0845821438104781	-0.104505758492187	-0.10312713853278199	-0.138339185493219	0.20113865581561302	-0.292985339080146	-0.21248295546264603	-0.35084423997428105	-0.271412273381152	-0.16155067280007698	-0.254284807448159	-0.10918324164198101
TCGA.61.1918.01	0.067826664844965	-0.24052427232689802	0.131876851460008	-0.172035740689735	-0.16384883135836403	-0.122127513465632	-0.176119731170411	0.18381388228439802	-0.23458398002586	-0.190400570227431	-0.328586712806793	-0.276137325712769	-0.199242048409837	-0.261002962336013	-0.14330300465509901
TCGA.61.1919.01	0.166922798021149	-0.17246711826097802	0.290732120186204	-0.138510903866335	-0.13248356158752697	-0.114412454691194	-0.11327355281573599	0.29222599349784	-0.168557888122654	-0.100556524984005	-0.300498383078219	-0.23439786356252398	-0.142591748385664	-0.228628861616589	-0.105691917054592
TCGA.61.1995.01	0.125939034793491	-0.29255117473087894	0.24576809140922604	-0.142827158323901	-0.16639042970946696	-0.126804761170916	-0.154787475764184	0.24647963063864897	-0.307324283864992	-0.18313040855033902	-0.30817306226474295	-0.26645837598508604	-0.0966536943943456	-0.194932289462548	-0.127274650867541
TCGA.61.1998.01	0.125245349603224	-0.310194866705849	0.13896529834955598	-0.259109076272525	-0.167912041297926	-0.007789863279690709	-0.164408155373202	0.243276866134061	-0.28752514945738106	-0.144381858511564	-0.34735058033862704	-0.335834767770109	-0.228682320761495	-0.32871349978840503	-0.22836436732966603
TCGA.61.2000.01	0.0517264559991197	-0.276137389824959	0.126745662293694	-0.193118615431639	-0.0577594902685076	-0.203316281583781	-0.152595510239294	0.16791865209081103	-0.266336601920686	-0.18340234143898498	-0.30567667361053	-0.20163300934893802	-0.15728660373404701	-0.296709691070673	-0.12224925941599699
TCGA.61.2002.01	0.162972405734758	-0.14092614899114903	0.308347439695303	0.0697825280800293	-0.0471897144281316	-0.14956949755485	-0.0954356274839696	0.23268416780980603	-0.160985093205471	-0.09687180011100098	-0.27548722421399297	-0.22070005485503197	-0.0489225657412215	-0.171498095641134	-0.00317393144308083
TCGA.61.2003.01	0.195888316409335	-0.148270654349922	0.343630977570884	-0.0857172324155235	-0.131178832196093	-0.11933863577031899	-0.119431164835651	0.287807820421294	-0.182490635870182	-0.155183015851517	-0.277076576177558	-0.28017004597919704	-0.136008598840583	-0.222492594159966	-0.161447312738045
TCGA.61.2008.01	0.0655416539042701	-0.218310060767238	0.0500423190859077	-0.129728749248809	-0.21071201406436604	-0.147826531862899	-0.170434466148121	0.135869583366259	-0.3762980147361761	-0.208466434403869	-0.34375857817808797	-0.358023147403064	-0.20738039923835502	-0.266292848074482	-0.14563055438002498
TCGA.61.2008.02	0.16529658083959398	-0.211575665497388	0.308982225983919	0.0690091542140147	0.0167833441832924	-0.0978549878767206	-0.0457241146497369	0.167329502167521	-0.421132824810138	-0.22803036320227202	-0.16543096286081801	-0.211256188274856	-0.0390421776933742	-0.160548032162505	-0.0368176047397376
TCGA.61.2009.01	0.124072569906396	-0.225243393949243	0.16525603046974202	-0.0460727969584858	-0.13423059163831402	-0.0425461037555474	-0.149643769586743	0.233288616642754	-0.19563353380185394	-0.17657964592750003	-0.344984984939463	-0.31357956785950203	-0.132633332148845	-0.249312314853999	-0.13949428692340196
TCGA.61.2012.01	0.273184641304422	-0.13395539297225698	0.264229792636479	0.0097254921674071	-0.102855274520518	-0.0688805770739946	-0.0831862241490702	0.210842311099281	-0.259240655398841	-0.0752158887195412	-0.29810808056486104	-0.257288556277874	-0.10660771525646501	-0.20540626322471398	-0.16356326703343202
TCGA.61.2016.01	0.0607457481998346	-0.31155033385764	0.0749576809140922	-0.11009435933624198	-0.14318898255738802	-0.11903105383579402	-0.16467974956199802	0.128957150583601	-0.30311176347538105	-0.165805654544798	-0.355673299808771	-0.26840462580533403	-0.15922009086590302	-0.257564536606009	-0.166790097333898
TCGA.61.2088.01	0.0362365137460978	-0.337121924213115	-0.123148539991536	-0.22976536093810201	-0.353533577965742	-0.29500131370158805	-0.16054595919763198	-0.0811092832154527	-0.34484028156704605	-0.241983545505816	-0.39905962857423	-0.22547017825455698	-0.333184530067495	-0.370873889123995	-0.21482225983918696
TCGA.61.2092.01	0.0346980041917595	-0.29605754827678604	-0.11796445196783699	-0.236996859106886	-0.280635864143913	-0.259686054691132	-0.26358994104498995	0.0312752736037452	-0.2761948734222	-0.253592867438446	-0.40182873332898206	-0.320615744052165	-0.26096192457743	-0.35786077020736407	-0.24656157426999598
TCGA.61.2094.01	0.42094358664280696	-0.0319002819059248	0.469636055861193	0.207354615848332	0.0667553102691893	-0.070119814089151	0.0919408500769867	0.311691595563894	-0.310191335941737	-0.10289056887492401	-0.14321493268172597	-0.20893444375754103	0.0946104866985692	-0.0906686415573424	-0.0952179432924249
TCGA.61.2095.01	0.203955308632745	-0.34987151358250296	0.252856538298773	-0.275968776506927	-0.0242996177148967	0.151776002771388	-0.17560848262049403	0.27771258823177597	-0.21083174217177397	-0.153015682768971	-0.26931242008947	-0.22485928143994297	-0.215669565417871	-0.246349978840457	-0.152719001269573
TCGA.61.2097.01	0.12245313139191902	-0.340651834982875	0.11013542107490501	-0.287715642190812	-0.264335405612388	-0.122048314606012	-0.20800875700847898	0.198981500109298	-0.310549128751329	-0.111408776824747	-0.35662924875140006	-0.386793198146241	-0.255207805892582	-0.301735082522218	-0.214028776978417
TCGA.61.2098.01	0.0404461729149227	-0.277831594846146	-0.2061468472281	-0.23915446158870302	-0.310874311217642	-0.19592251349736803	-0.18755355189753398	-0.0465889751537516	-0.41342320331877	-0.269654392283912	-0.409173088609915	-0.313072267856408	-0.351363074837381	-0.397164621244181	-0.309458315700381
TCGA.61.2101.01	0.0475088398776225	-0.227217030997138	-0.0438531527719001	-0.21900930467728302	-0.203137196540932	-0.16524002533989599	-0.188592532498054	0.0816510452428883	-0.12483448940087599	-0.224681432837874	-0.34060053328440504	-0.388709612871039	-0.216538415003901	-0.34267879813796	-0.185146000846382
TCGA.61.2102.01	0.0830359958159696	-0.34182482297606	0.0105268726195514	-0.209541112357251	-0.285398897954567	0.00128683199977865	-0.227463098735658	0.26378678282183105	-0.36510352872616103	-0.169669111836614	-0.34878305733686604	-0.42972566670770707	-0.34678159211907805	-0.33823529411764697	-0.25999788404570495
TCGA.61.2104.01	0.120149444379112	-0.176851165844075	0.223021582733813	-0.14719568118188	-0.15344891109424802	-0.138284873286449	-0.10893293897721	0.17384253580245	-0.30170582694997305	-0.144932402281099	-0.27420055892665396	-0.28758182369741	-0.143213836422017	-0.221328819297503	-0.12082099026660999
TCGA.61.2109.01	0.0697859622054235	-0.16194461327168	0.08691282268303	-0.20819159812231697	-0.147510428143249	-0.19356849052522498	-0.19558486664590002	0.10176298458883999	-0.35072893360347696	-0.223835652341603	-0.3214956365156911	-0.260166140656178	-0.215547910655343	-0.30866483283961105	-0.19413880660177696
TCGA.61.2110.01	0.052936102372859	-0.11755471136857198	-0.0305755395683453	-0.274745022194456	-0.23587506363792396	-0.170743806244791	-0.230158892599192	0.0695617185507181	-0.28812342652675704	-0.224115743966466	-0.391060740121023	-0.333103770946549	-0.234019370605371	-0.29819085907744397	-0.231485399915362
TCGA.61.2111.01	0.10460012964381801	-0.18095567879743302	0.16647270418958898	-0.0745382372205191	-0.179414778791708	-0.20615901022321	-0.17268618963073099	0.133297369835251	-0.12615930104676	-0.133253203420899	-0.32651114420800703	-0.24659743892019198	-0.142735825774995	-0.24354633939906895	-0.123042742276767
TCGA.61.2113.01	0.18724539336571	-0.23100966334393602	0.22720059246720298	-0.13273094297662402	-0.17689137975708302	-0.0651824619906351	-0.0933120953949287	0.251668841050176	-0.12585180614810001	-0.174850802392403	-0.30254084565056105	-0.297212684027785	-0.15698638585338598	-0.206411341515023	-0.0792424883622514
TCGA.OY.A56P.01	0.0054534839935535895	-0.257445934231576	-0.15113203554803198	-0.238851227673685	-0.356335570134544	-0.31013202701584697	-0.19747541972351998	-0.0858739849034963	-0.34306858284992703	-0.26884314212435	-0.3847501606746429	-0.412124964491555	-0.37223187950729497	-0.380924672027084	-0.199005501481168
TCGA.VG.A8LO.01	0.034111756452794004	-0.252010196250621	-0.08924037240795599	-0.22388449289696102	-0.223024055044768	-0.324873736738365	-0.2359430540538	-0.076698235802126	-0.308833840440028	-0.329424741969123	-0.365454272246475	-0.393450127134131	-0.24296268346425698	-0.3879073212018621	-0.21387008040626299
TCGA.WR.A838.01	0.0026953869762475604	-0.293500121139477	-0.220112145577655	-0.272781027753772	-0.35928762076820503	-0.27089156911997697	-0.230001512769714	-0.131736260867908	-0.418730837500555	-0.36996312473032794	-0.459203043569273	-0.394423713609159	-0.36323079500779204	-0.388436309775709	-0.284860347016504
