	LeukocyteMeth_score	T cells	CD8 T cells	Cytotoxic lymphocytes	NK cells	B lineage	Monocytic lineage	Myeloid dendritic cells	Neutrophils	Endothelial cells	Fibroblasts
TCGA.04.1348.01	0.150948736257642	140.379514285714	82.0113	122.4465	5.3105625	61.4076375	552.419614285714	34.3103	185.03181999999998	227.841864516129	5541.2365625
TCGA.04.1357.01	0.26794368108652	284.691221428571	326.8229	289.74794285714296	10.82355	220.784525	897.1670571428571	154.29686	245.269086666667	204.511719354839	9558.8541625
TCGA.04.1362.01	0.0840705134191117	217.39259285714297	5.2953	20.0466428571429	5.088475	38.7635625	313.79614285714297	12.97356	193.257806666667	257.996087096774	3400.404175
TCGA.04.1364.01	0.0334651133520436	41.8268714285714	19.9291	1.8778	4.1872375	98.47945	114.849785714286	5.85152	158.81091999999998	236.205151612903	2706.7008375
TCGA.04.1365.01	0.14147110021652498	167.17966428571398	66.295	107.277385714286	7.5335125	92.0219875	462.092157142857	40.43996	185.94746	201.272332258065	3607.766325
TCGA.04.1514.01	0.0377776599134639	80.2491928571429	4.3178	11.226242857142902	1.619175	155.4764125	87.3015857142857	11.28382	281.88448	363.701593548387	13060.4850125
TCGA.04.1519.01	0.0203532219944987	62.84568571428571	1.7802	8.64645714285714	0.6119375	221.4619625	175.55215714285703	10.502880000000001	274.70702	196.385290322581	3084.6873625
TCGA.09.0364.01	0.0555369859994129	55.5271214285714	3.6136	2.9683285714285694	1.5809625	90.7357	49.92278571428571	2.6198599999999996	320.919426666667	475.431080645161	7836.4126375
TCGA.09.0366.01	0.27303013571808105	83.97436428571429	27.7478	28.0076857142857	8.036325	73.54865	1983.15314285714	38.43748	423.418813333333	166.356816129032	3267.1067
TCGA.09.0367.01	0.0758041481906226	563.259242857143	24.9921	67.8355714285714	3.8653	43.3125125	240.753414285714	76.9247	229.92692000000002	178.97141612903198	1661.6732125
TCGA.09.0369.01	0.101152951405166	61.827721428571394	33.1789	6.207942857142861	1.5414875	53.658825	419.609671428571	31.82828	305.911533333333	993.862025806452	24654.9716
TCGA.09.1659.01	0.0593200844921141	533.16735	32.4519	72.2298571428571	5.95955	25.8413375	291.531028571429	46.233959999999996	141.2126	244.72239677419398	11321.113775
TCGA.09.1662.01	0.13973843903891	50.2289214285714	23.1619	68.07472857142861	8.0123875	32.184225	751.1165428571429	108.64532	281.856546666667	241.41195161290298	11579.704075
TCGA.09.1666.01	0.0849440909039758	70.8625285714286	40.3774	47.87061428571429	2.452825	57.3584875	431.105114285714	25.58492	148.7044	196.504570967742	2949.0698
TCGA.09.1667.01	0.11127309420099002	167.946221428571	41.2649	170.581328571429	11.10325	23.3976	532.4323714285711	74.6171	184.48660666666697	227.998232258065	10190.736775
TCGA.09.1668.01	0.141491751220325	90.8148857142857	47.8568	77.4106857142857	11.2105625	68.864825	529.155228571429	72.4258	251.19172000000003	375.87103225806504	15993.613275
TCGA.09.1669.01	0.0825202795838479	92.4745	220.9821	52.6148	6.0826	353.7946375	335.826528571429	27.58928	204.64286666666698	273.06394516128995	18503.5217625
TCGA.09.1670.01	0.111348083064122	125.04681428571399	9.1743	16.476342857142903	3.890875	96.944625	659.134071428571	24.77064	195.76234	178.305712903226	3098.660325
TCGA.09.1673.01	0.0456094771497273	56.22901428571429	8.2681	14.534385714285701	3.698875	637.2933	378.2171	29.242820000000002	145.778946666667	422.16738064516096	990.60815
TCGA.09.1674.01	0.0387961014989242	91.83512142857141	45.5324	5.1153	1.3538125	341.465425	126.841228571429	5.30474	245.064566666667	375.103770967742	7962.410075
TCGA.09.2044.01	0.136226438968971	68.6297285714286	50.5693	40.768042857142895	1.700425	82.877425	611.2672	29.4544	193.267286666667	231.46915161290298	2871.0624
TCGA.09.2045.01	0.0785829786654475	66.78372857142861	11.8953	14.9541	3.865975	93.279125	326.498242857143	7.295780000000001	293.10071333333303	214.24368387096803	7344.8979
TCGA.09.2048.01	0.0785481583050441	124.87532857142901	8.7918	7.8498428571428605	1.318775	30.8813125	135.0142	26.4634	104.446906666667	201.927129032258	7418.8096875
TCGA.09.2051.01	0.130182408150839	60.275628571428605	17.9748	83.9798142857143	6.4865125	59.916125	422.17341428571405	39.83226	278.05872	155.365577419355	4847.339725
TCGA.09.2054.01	0.0814079756005146	49.66986428571429	16.1064	11.5045857142857	2.4509875	235.0315	335.03402857142896	28.571440000000003	233.52007999999998	587.570480645161	14896.7428375
TCGA.09.2056.01	0.0840428888121641	571.639528571429	37.6557	54.374042857142896	2.0304625	50.5768375	330.064214285714	72.57961999999999	154.413173333333	121.182787096774	5284.9100125
TCGA.10.0928.01	0.0398287434991948	152.325292857143	0.6151	7.02971428571429	1.999075	211.2870875	121.438457142857	22.143620000000002	290.1225	345.565964516129	4583.8074625
TCGA.10.0936.01	0.0790983933153803	192.67177857142897	24.6914	23.755542857142895	4.094225	74.70395	184.920985714286	11.791360000000001	231.59486666666697	287.533383870968	2336.0657625
TCGA.13.0730.01	0.09696608281345401	224.498128571429	281.8627	59.1526571428571	2.2467375	17.2589875	381.0691	101.9608	189.705886666667	413.265335483871	20275.1205
TCGA.13.0799.01	0.0709284434743637	52.96299285714289	6.9097	14.3639857142857	2.5613375	100.0119125	40.410842857142896	18.25114	208.57755333333301	199.47504516128998	2133.011675
TCGA.13.0800.01	0.0558024311841011	80.44711428571429	2.3711	11.1779142857143	1.6004625	185.5364625	63.2710571428571	5.21634	235.68465333333302	174.73124516129	3611.6182625
TCGA.13.0801.01	0.115757296721003	189.187678571429	53.3333	76.45527142857141	2.4836625	48.8562125	1491.0177428571399	209.83006	158.6231	144.223567741935	3472.5163375
TCGA.13.0890.01	0.190907623110811	219.11235	30.3878	34.0005	3.965075	127.0491625	441.501871428571	23.5639	287.77822000000003	354.71050322580595	57157.7006
TCGA.13.0893.01	0.10888707715807902	305.45825	43.286	50.436585714285705	25.2009625	41.51615	249.03388571428601	30.7452	232.01842666666698	199.13954838709702	21662.0975125
TCGA.13.0897.01	0.10489111649253899	326.211585714286	27.5315	46.19691428571429	5.7162875	60.8376	296.964857142857	67.75548	149.292273333333	163.87954516129	38937.7029875
TCGA.13.0899.01	0.11097360315765599	1006.6836357142901	21.3562	22.0481714285714	1.7338125	41.0612	299.647714285714	60.32584	215.73463333333302	244.687364516129	17459.048875
TCGA.13.0913.01	0.0676753217508198	196.75227142857102	18.4298	11.605257142857099	1.33375	170.2940375	119.4672	7.420439999999999	136.57471999999999	194.725358064516	2666.686875
TCGA.13.0916.01	0.0745608907688575	65.3962142857143	60.6143	46.3460428571429	3.0985625	146.4242125	249.8159	13.06372	336.08660666666697	371.11841935483903	4062.22285
TCGA.13.0920.01	0.10878752568170098	114.410128571429	22.9612	22.395657142857104	1.4845625	112.1338	106.380514285714	15.835320000000001	112.061226666667	162.59673548387102	7163.5778
TCGA.13.0924.01	0.223850842787692	164.05229285714302	150.3268	70.775	4.493475	133.905225	481.44631428571404	101.9608	195.03269333333301	224.146319354839	24194.5359375
TCGA.13.1403.01	0.0516879703602499	105.375821428571	1.4272	18.213928571428603	2.378675	62.916275	148.483742857143	28.06852	208.30952666666698	316.04079032258096	24897.5434125
TCGA.13.1405.01	0.174571515400738	95.9403857142857	48.2081	56.2276285714286	8.428075	50.0713625	326.76361428571397	42.245459999999994	250.02643333333302	294.003870967742	48953.1751375
TCGA.13.1410.01	0.0686202703432861	254.473635714286	15.1073	33.571742857142894	6.0428875	42.426275	340.8393	26.18594	208.883233333333	224.35439354838698	22406.65045
TCGA.13.1411.01	0.373255563796694	128.625121428571	98.0861	131.0419	8.5868	67.1138	1814.65382857143	182.77512	278.69674666666697	320.25268064516104	93213.1933625
TCGA.13.1481.01	0.189820971844638	365.99611428571404	17.3682	26.9712857142857	4.8245	186.668125	165.1359	33.90018	153.569333333333	285.802716129032	50411.8173125
TCGA.13.1489.02	0.278698251294038	427.90851428571403	41.3766	56.0159	1.9335	26.6338125	179.2067	35.8082	210.59552000000002	122.16250645161301	3000.3383625
TCGA.13.1497.01	0.132178891866528	71.3610928571429	16.4861	25.141242857142895	2.7305	73.929675	194.787485714286	16.486060000000002	201.21236000000002	269.204293548387	21443.8284
TCGA.13.1498.01	0.11475022036308599	69.1699857142857	72.0509	147.066628571429	9.7298	49.5350125	338.85015714285703	107.60643999999999	190.33447333333302	138.701396774194	14075.9667125
TCGA.13.1505.01	0.10167898908817999	70.91320714285709	81.2891	25.5617285714286	3.667625	97.1620875	283.103142857143	32.900420000000004	268.847206666667	210.753316129032	43125.7064625
TCGA.13.1506.01	0.0672899917994202	116.402107142857	28.892	20.373657142857102	1.6904875	74.6887875	104.239385714286	16.96634	163.06542	111.639564516129	2682.649475
TCGA.13.1507.01	0.166367497622779	125.10365	72.2955	230.06935714285703	7.915575	47.1635875	439.05014285714304	76.30604	120.316613333333	158.700819354839	14535.2882375
TCGA.13.1511.01	0.0812559765751946	214.464685714286	3.8107	23.7717285714286	4.4458625	31.0813125	187.134242857143	11.81328	301.534886666667	265.632409677419	37262.4638875
TCGA.13.1512.01	0.137258422607395	122.740657142857	20.15	42.3082142857143	3.22165	115.4521875	318.06935714285703	31.583859999999998	149.578253333333	144.941193548387	36841.4333375
TCGA.13.2060.01	0.22379912944084301	209.889592857143	42.4472	64.90995714285711	4.982925	47.79925	394.913042857143	45.4739	212.802013333333	119.94736774193501	13808.762875
TCGA.13.A5FT.01	0.14621172461050197	88.9856142857143	4.2049	7.9729571428571395	4.4916125	128.4885125	122.379128571429	20.7187	224.287086666667	309.095661290323	3655.148075
TCGA.20.1682.01	0.15019668288423801	122.575485714286	51.3577	57.89171428571429	2.7302125	35.4929	369.865928571429	42.0307	308.93348666666697	374.766729032258	41674.3321875
TCGA.20.1683.01	0.0704990826614184	34.9294285714286	17.1389	32.3822714285714	8.258475	246.5445875	201.16497142857102	45.3352	222.068653333333	245.211048387097	7838.839
TCGA.20.1684.01	0.0369800736144284	22.7989285714286	8.974	3.4995285714285695	1.5158875	44.02135	110.678414285714	6.3061	135.74258	173.93958064516102	4651.052025
TCGA.20.1685.01	0.11943977291439699	171.884692857143	14.8071	16.8893428571429	2.111175	65.61975	999.181971428571	83.05858	243.499726666667	244.424596774194	5874.902825
TCGA.20.1687.01	0.111734048092018	63.33627142857139	11.217	22.834714285714302	2.4537375	40.731925	403.52937142857104	20.8637	255.5618	189.26581935483898	14334.3367875
TCGA.23.1026.01	0.149074790341299	116.803278571429	40.3981	250.44245714285702	5.3688625	77.722475	442.790228571429	31.147540000000003	204.52772	221.847467741935	29138.9739375
TCGA.23.1027.01	0.178988856489213	64.8647	9.9697	10.6198571428571	1.354575	92.2464375	637.9463	46.12048	208.85711333333302	242.533032258065	38326.108325
TCGA.23.1029.01	0.0499276777822767	37.2866142857143	1.6551	6.809471428571429	1.2413125	95.0016375	255.99424285714298	7.613360000000001	304.38043999999996	370.634693548387	12794.0251625
TCGA.23.1109.01	0.0512069719020694	79.01659285714291	30.6893	28.328614285714302	4.013225	144.1808375	517.266985714286	164.77808000000002	170.821526666667	290.180335483871	18674.256975
TCGA.23.1111.01	0.0423176346411896	150.95307857142902	22.7596	5.9259	2.7072875	146.1940125	108.647914285714	13.141860000000001	225.88334	275.712	10028.1600125
TCGA.23.1114.01	0.0686604336395235	86.8116928571429	0.6536	2.47442857142857	3.30895	171.6977625	176.448885714286	21.5041	232.99368666666697	356.162625806452	22651.5368625
TCGA.23.1120.01	0.06359359133321499	174.36095714285702	45.0971	99.5651142857143	7.828375	60.8127875	577.6240571428569	27.741559999999996	143.69588000000002	237.685167741935	12716.17245
TCGA.23.1122.01	0.0946124613436426	113.824728571429	3.0896	13.878671428571401	3.218325	48.9615625	349.07557142857104	32.6811	194.141206666667	242.11033870967702	12616.789825
TCGA.23.1123.01	0.13148439594716999	147.391678571429	51.2137	112.029871428571	10.236075	150.8735875	814.4255857142861	37.61	258.59340666666697	183.227958064516	3584.988325
TCGA.23.1809.01	0.0431108737860312	103.60477857142901	9.3345	9.63565714285714	1.355025	45.8069875	250.056771428571	17.524820000000002	245.92994	280.918196774194	7355.95905
TCGA.23.2077.01	0.106573108171569	188.09770714285702	15.7399	19.9487428571429	1.71525	260.4652875	714.385028571429	38.3408	201.6323	266.518625806452	11533.7873375
TCGA.23.2078.01	0.220661066203066	391.85314285714304	67.8269	73.4366142857143	6.842175	175.2565875	417.96818571428594	51.70312	242.33227999999997	331.54525806451596	72804.83675
TCGA.23.2081.01	0.0501188113073435	54.790914285714294	6.0349	10.7457428571429	1.72425	15.16795	136.584742857143	11.724860000000001	322.103113333333	255.518612903226	28951.537975
TCGA.23.2084.01	0.0978131088807635	120.10688571428601	8.5945	15.7446142857143	3.0965875	56.78085	395.6056	13.4985	128.260866666667	222.498609677419	21943.547775
TCGA.24.0975.01	0.279522851934706	779.5452	29.5589	39.9836714285714	4.7681	46.301225	259.516414285714	48.40266	178.52331999999998	437.69221935483904	81710.82005
TCGA.24.1103.01	0.039880584555177005	66.73107857142861	4.6782	13.6335857142857	1.9882375	13.0404375	84.9426142857143	4.21036	211.67264	267.671406451613	3610.4919125
TCGA.24.1413.01	0.0718662200637279	36.474642857142896	3.6143	10.400242857142901	4.195125	111.526175	221.720971428571	11.049339999999999	227.251806666667	335.943467741935	3702.7201375
TCGA.24.1416.01	0.0797648084698524	93.2316642857143	3.1211	24.255385714285698	4.291525	75.2184875	284.10915714285704	17.97754	213.275073333333	250.87954516128997	4980.25905
TCGA.24.1417.01	0.128061678563849	85.7118785714286	52.9645	126.840085714286	13.6101	51.4464	801.648228571429	45.6102	217.88536000000002	317.0401	20365.1433875
TCGA.24.1418.01	0.0975719042313704	392.111264285714	14.8833	21.549242857142897	2.4638	324.4167375	293.58694285714296	18.42316	218.07456000000002	295.09758064516103	46975.9784875
TCGA.24.1419.01	0.0578770168520118	12.75655	0.0	1.12675714285714	0.4929625	329.50705	92.6817142857143	6.0845199999999995	369.08922	185.518132258065	4490.6338
TCGA.24.1423.01	0.0638271973889209	215.46915	10.9467	22.7388	3.180475	80.5843375	214.69695714285703	72.30768	308.579873333333	377.264935483871	12723.0506625
TCGA.24.1424.01	0.10510680258022999	57.5766785714286	10.2225	18.4034857142857	2.743525	38.3719125	374.694614285714	28.02164	215.93506666666698	393.889987096774	23558.748125
TCGA.24.1425.01	0.13863261404029	50.0203785714286	13.1092	40.8777714285714	9.1975875	66.0746125	688.6261142857139	54.6358	375.797306666667	838.672306451613	107874.2991
TCGA.24.1427.01	0.18697453314358997	85.32597857142859	71.1731	60.336185714285705	3.1451125	77.297925	637.441228571429	37.768240000000006	323.70052000000004	371.71535483871	57906.8575625
TCGA.24.1428.01	0.126413787015656	240.941614285714	23.433000000000003	54.1054428571429	12.86375	79.330525	861.5544	25.73726	164.57788	216.04534516129	7910.4580625
TCGA.24.1430.01	0.0654312863891397	15.6494	4.2052	4.86604285714286	1.15645	60.1345625	143.638114285714	15.138760000000001	253.266046666667	298.591803225806	10580.1781875
TCGA.24.1434.01	0.21963570221966502	306.697235714286	13.6281	20.1176714285714	4.6820125	43.8749125	1055.04152857143	35.97818	221.098313333333	279.29504838709704	131984.82285
TCGA.24.1435.01	0.11409009632174599	105.616357142857	34.2703	35.0404285714286	2.9842125	26.1359375	590.4747142857141	60.223319999999994	201.309206666667	301.708664516129	76110.6079125
TCGA.24.1436.01	0.130170420035041	369.918442857143	20.733	77.5921428571429	8.4318875	19.1268875	593.997028571429	17.22878	264.40842000000004	175.802635483871	16275.4591875
TCGA.24.1463.01	0.0980597321781303	144.58272857142902	7.936	24.040542857142896	3.93885	80.8484625	654.1235	131.3182	285.37084	356.648935483871	44536.974975
TCGA.24.1467.01	0.0932402571895798	64.90862857142861	13.9535	20.9568	2.1802375	89.680225	231.727585714286	10.0	195.93022666666698	194.50055483871003	6267.1148375
TCGA.24.1469.01	0.0664350547912569	191.074785714286	52.5328	46.49101428571429	4.4559125	61.7729625	205.98177142857102	22.063779999999998	244.65290666666698	143.357135483871	2577.8072125
TCGA.24.1474.01	0.0816956501461116	13.361742857142902	4.5478	13.743757142857099	2.2359875	14.856	840.444785714286	21.16222	254.04774	269.213561290323	1742.4696875
TCGA.24.1544.01	0.0383913993993771	442.34495	30.4663	40.6571	1.02175	211.3134	131.067642857143	8.916960000000001	256.26354666666697	232.53420967741903	2010.8675375
TCGA.24.1545.01	0.26585313114123	348.8301	104.0845	116.0514	6.6266875	297.8861625	893.981514285714	78.70345999999999	282.883433333333	292.59534838709703	47721.8648375
TCGA.24.1546.01	0.15124000017356304	64.7538	5.1851	7.80608571428571	2.1936875	62.4202375	660.481814285714	114.39053999999999	282.12082666666697	366.31494516129	71179.7264
TCGA.24.1548.01	0.0603082315774311	63.18192142857139	9.0678	7.8958	1.7272125	83.6886625	300.35485714285704	15.2426	147.388486666667	291.431829032258	2919.7312125
TCGA.24.1549.01	0.07467485005390899	221.0393	39.3959	324.387014285714	13.4192375	379.965525	197.197257142857	26.72358	242.48195333333302	178.72175161290298	4282.2554
TCGA.24.1550.01	0.26651437621199897	55.766542857142895	70.2871	28.674885714285697	5.7562625	72.1426875	853.312557142857	87.55584	311.70694666666697	584.957661290323	51995.5301875
TCGA.24.1551.01	0.154057314908923	84.1849928571429	38.0854	93.89015714285709	9.7786875	38.9861125	776.119414285714	59.3927	260.387713333333	286.629583870968	3651.0550625
TCGA.24.1552.01	0.0290753608296435	257.42985714285703	5.8036	11.607142857142902	2.2321375	10.9933125	218.068242857143	18.8393	311.90476	231.45505483871003	5903.9057
TCGA.24.1553.01	0.215844979481518	224.27027857142897	317.2939	306.445871428571	5.6150375	426.742525	1037.20385714286	56.18598000000001	339.540166666667	260.11295483871004	5499.35025
TCGA.24.1555.01	0.0528633897638047	64.9703142857143	5.8838	11.6529857142857	0.60175	144.8221125	253.118728571429	12.19554	250.329626666667	197.990487096774	1300.6944125
TCGA.24.1556.01	0.0820265521592296	67.22587857142861	36.3356	62.32348571428571	8.252675	48.3287	513.312014285714	37.617979999999996	209.44804666666698	283.19519032258097	8631.05235
TCGA.24.1557.01	0.0487919420638192	127.197764285714	11.8996	4.92981428571429	2.00805	87.536125	297.2339	24.3941	318.15446000000003	324.122596774194	4860.3735875
TCGA.24.1558.01	0.0416808657047346	494.049342857143	4.471	5.748471428571429	1.1177625	32.519775	244.230271428571	21.1815	302.80082000000004	234.50378064516102	6211.52465
TCGA.24.1560.01	0.0365075432308177	193.339735714286	6.3672	10.2077	3.0509375	37.362925	189.488614285714	29.9257	204.85791333333302	197.44914193548402	3530.5058375
TCGA.24.1562.01	0.0867537820429565	175.442335714286	24.4891	56.82611428571429	5.0881125	167.2458125	374.52281428571405	89.15361999999999	273.74866000000003	273.037777419355	27314.6976
TCGA.24.1563.01	0.066479326964188	222.150878571429	17.9775	35.4143857142857	4.5535125	62.8030875	385.9079	42.578340000000004	221.88054	297.270932258065	80590.8468375
TCGA.24.1564.01	0.277815801274026	117.9928	19.1284	38.9064285714286	4.0151375	40.5125	2029.4144	139.52902	321.66983999999997	248.74294516128998	35588.963725
TCGA.24.1567.01	0.0433354991968419	77.95232142857141	2293.6963	20.1596428571429	0.5820125	17.0576875	128.632842857143	7.59312	599.474686666667	207.516061290323	7325.841675
TCGA.24.1603.01	0.0364257921431158	59.303857142857105	4.6189	11.2999	1.2990875	58.7832	197.088414285714	39.43416	195.91992	312.13673225806497	3444.969675
TCGA.24.1604.01	0.0628233414861617	65.9686785714286	8.7512	20.181257142857103	2.3831375	56.2966125	284.77041428571397	14.877	230.385126666667	290.224780645161	5836.157675
TCGA.24.1616.01	0.0796340423345891	242.176835714286	3.1194	29.233242857142898	1.83265	222.1792375	117.735057142857	8.048060000000001	235.681046666667	279.23275806451596	4166.5431875
TCGA.24.1842.01	0.14875974243683898	216.818078571429	77.9451	128.972514285714	10.16675	37.32045	565.224442857143	40.056999999999995	310.74111333333303	284.940377419355	17726.959575
TCGA.24.1843.01	0.11725148096474301	112.251428571429	221.12	62.67428571428571	3.36	118.24	723.663085714286	43.648	199.637333333333	188.025393548387	6348.9064
TCGA.24.1844.01	0.030597000096234	61.90475	0.6908	2.36861428571429	1.1226375	55.18135	171.053057142857	21.001720000000002	234.97986	267.73235483871	7895.658875
TCGA.24.1846.01	0.0635957425507962	55.972078571428604	15.0971	73.3798857142857	6.69485	34.2379625	488.4605	25.23366	292.930746666667	108.228351612903	16859.6774
TCGA.24.1847.01	0.287094746481039	154.548564285714	273.9944	236.195028571429	7.467125	82.2381375	895.2824571428571	63.560340000000004	202.761186666667	250.78621612903197	14719.3891625
TCGA.24.1849.01	0.30629206628216604	786.8314	147.1113	149.935228571429	13.74455	147.861175	1199.82451428571	178.5903	411.378506666667	621.384451612903	82986.1308375
TCGA.24.1850.01	0.0948409098286037	1799.0155	54.9853	47.23504285714289	3.6657	83.3028	444.007128571429	13.63636	250.048886666667	139.807729032258	36805.263925
TCGA.24.1924.01	0.141138798028178	262.8775	119.94	111.249728571429	4.8257	30.6877875	716.1212142857139	48.950540000000004	180.88456000000002	226.459587096774	4261.0031
TCGA.24.1928.01	0.117550746241643	161.853642857143	22.6595	28.3244142857143	3.31695	17.4046	414.419871428571	23.31546	244.126413333333	380.637080645161	67045.387975
TCGA.24.1930.01	0.16523744820197198	440.357864285714	45.5467	70.02935714285711	5.2590875	72.228125	1378.51145714286	56.354319999999994	234.01203333333302	334.728209677419	32859.3669875
TCGA.24.2019.01	0.0780092069930045	73.13048571428571	70.265	50.0851	4.46755	44.6146125	336.7719	30.44006	147.75913333333298	279.439458064516	12753.19595
TCGA.24.2020.01	0.0496286319133677	35.14665	4.9669	7.56858571428571	2.8559625	241.597675	166.262542857143	19.13906	196.55628666666698	301.054580645161	6656.9921125
TCGA.24.2023.01	0.0669113374187962	86.02452142857142	20.491	58.07598571428571	4.5856875	23.21765	331.752985714286	27.894240000000003	257.21744	144.337296774194	4683.417825
TCGA.24.2024.01	0.0414572569357624	56.705185714285705	5.8223	16.0113714285714	3.4933875	41.192875	342.894828571429	27.539540000000002	206.88624	253.883906451613	44960.1924625
TCGA.24.2026.01	0.11293378447898401	75.0146928571429	18.2899	62.6037	5.3955125	60.813875	438.28858571428594	27.508020000000002	226.94102	177.024829032258	5148.4055875
TCGA.24.2027.01	0.0429598479939675	363.05855714285696	245.0162	13.6146857142857	3.7174875	72.7444625	174.3835	9.19236	262.36452	366.68275161290296	11272.2362625
TCGA.24.2033.01	0.0661354908889835	109.157814285714	9.5198	11.8397571428571	1.819975	360.4928	340.944385714286	14.7837	211.675773333333	188.99134516128998	35865.1105875
TCGA.24.2035.01	0.20570329336841603	360.639057142857	57.6208	67.8881142857143	10.4554125	149.6282625	784.5548	245.601	366.336213333333	734.652629032258	68039.893125
TCGA.24.2036.01	0.0289982321573384	40.638607142857104	35.2067	2.1526285714285702	1.672325	35.2067	242.268957142857	15.138879999999999	281.32509333333303	276.820709677419	11028.7234125
TCGA.24.2038.01	0.0190806902570883	31.964657142857103	0.4238	18.3433428571429	3.2312625	464.561925	268.581728571429	16.1034	246.12776000000002	203.51882580645199	3445.4047
TCGA.24.2254.01	0.0832224413682712	47.1235285714286	4.6826	4.38532857142857	2.7965625	71.6051	664.040442857143	43.9126	366.146393333333	353.07492580645203	22301.7891625
TCGA.24.2261.01	0.15727907777546202	130.635442857143	101.8351	105.23207142857099	8.2340375	112.9814	950.707071428571	34.22072	274.351686666667	249.556358064516	25017.6954625
TCGA.24.2262.01	0.240199011296367	285.266621428571	33.6358	54.81748571428571	6.6928375	52.4272	319.29465714285703	64.25118	219.34182	519.5397741935479	10379.8233375
TCGA.24.2267.01	0.260970212045829	122.890571428571	66.0819	78.86384285714291	6.2134625	250.6579	1197.57727142857	49.1228	216.608186666667	452.881535483871	6919.72005
TCGA.24.2271.01	0.20324798681317602	396.08275714285696	43.1245	78.6934714285714	8.9503625	532.5468	446.0072	45.56548	305.831286666667	408.515451612903	34665.7068875
TCGA.24.2281.01	0.285816003462393	241.93397857142898	43.0519	63.50681428571429	4.23265	91.485375	691.376285714286	68.97988000000001	249.282066666667	155.095467741935	7459.936275
TCGA.24.2288.01	0.241837897172594	969.0352571428571	71.102	73.8494857142857	8.5235	250.3868375	585.270142857143	36.7166	231.25631333333303	339.74964516129	24190.6589625
TCGA.24.2289.01	0.20355580866227999	201.274271428571	7.9037	19.248357142857103	3.105025	68.45125	971.0194	13.69966	272.763766666667	239.80599032258098	85150.1914875
TCGA.24.2290.01	0.12824172854090501	90.97884285714291	7.0152	11.1492285714286	1.6442125	147.1007375	972.9882	52.00042	316.21177333333304	246.18924838709702	8583.7443875
TCGA.24.2293.01	0.285228134930075	149.058207142857	49.6931	65.4546428571429	6.8032375	108.1490875	1344.50977142857	100.74686	294.845813333333	445.84209354838697	154127.32715
TCGA.24.2297.01	0.05245773878276099	319.587585714286	5.5568	17.090742857142903	4.453625	116.0804875	139.83358571428602	24.7769	177.77486666666698	331.311087096774	11010.991075
TCGA.24.2298.01	0.0981382460418592	447.779528571429	10.6602	27.4612	3.7396875	6.66265	172.87285714285701	12.104519999999999	432.209993333333	263.038783870968	38125.818
TCGA.25.1312.01	0.0485135145087017	236.13089285714298	15.3939	17.867885714285702	2.88635	62.1166625	409.332514285714	14.62416	234.56403999999998	249.29358064516103	7856.0691625
TCGA.25.1313.01	0.12134383655685302	82.63305	5.098	19.2717	5.0725375	117.303925	961.9389428571429	49.88234	271.215686666667	279.052622580645	14080.024525
TCGA.25.1314.01	0.0682890602807673	315.095371428571	33.012	35.279842857142896	5.0394375	52.8776125	318.2004	30.6164	307.352213333333	394.106280645161	14872.934925
TCGA.25.1315.01	0.0324563526413264	122.89525	17.494	5.4564714285714295	1.1298125	96.0347125	129.955314285714	37.90364	264.60627333333304	259.9769	4629.3877125
TCGA.25.1316.01	0.050487431433594	184.83729285714298	544.5556	70.0756714285714	5.553999999999999	142.3158375	151.068957142857	19.97666	331.23791333333304	289.033712903226	5547.8293125
TCGA.25.1317.01	0.0542586076608012	163.499885714286	8.2102	11.2596857142857	2.4117375	120.2278375	174.407714285714	15.84566	346.606453333333	317.393938709677	17948.9219
TCGA.25.1318.01	0.0857061008418422	679.639528571429	1.8692	6.8758285714285705	4.8481375	9.11215	565.287057142857	27.943920000000002	271.80686666666696	285.43804516129	24663.8644875
TCGA.25.1319.01	0.0614181375320645	126.815721428571	26.1723	33.7059142857143	3.2246625	54.3466125	419.2034	15.00026	198.7533	285.39284516129	5235.38965
TCGA.25.1320.01	0.0934312264497452	106.801171428571	21.1073	25.387157142857102	3.6171625	116.728675	398.14658571428595	65.84125999999999	230.00186000000002	300.842016129032	60098.14145
TCGA.25.1321.01	0.0603703572951362	248.952385714286	3.2593	3.6402	1.5926	118.5926125	355.767185714286	30.162940000000003	244.385193333333	287.51856129032296	7167.29705
TCGA.25.1322.01	0.0704647972268537	167.96656428571399	3.0641	19.7692	5.5362125	420.68245	587.703942857143	33.537620000000004	298.031586666667	343.947893548387	19068.3656
TCGA.25.1323.01	0.0730886140395967	352.70389285714305	65.4545	14.770442857142902	2.8662375	89.0619125	195.667871428571	16.509539999999998	275.21466000000004	342.2133	26576.87205
TCGA.25.1324.01	0.0361817145571132	83.77235714285709	40.7804	34.7747857142857	2.953425	270.9565875	161.3953	24.7703	230.853786666667	187.083703225806	1671.376975
TCGA.25.1326.01	0.130034115297526	449.598957142857	31.1077	30.9890428571429	3.7936375	98.160075	802.319528571429	29.89378	282.90339333333304	308.221151612903	38659.35745
TCGA.25.1328.01	0.0743640076099938	66.12899999999999	25.9045	41.8334285714286	5.7722125	82.641125	579.955342857143	92.1301	320.127646666667	266.478419354839	48304.4333375
TCGA.25.1329.01	0.0849829520423264	122.525607142857	20.5799	20.6990142857143	3.511075	96.919975	613.6939142857141	21.136039999999998	307.529726666667	260.922367741935	38071.58555
TCGA.25.1623.01	0.374558720171815	343.819114285714	60.7585	100.129928571429	10.01355	157.3626125	990.1039428571429	59.752340000000004	197.084626666667	276.524132258065	54064.51675
TCGA.25.1625.01	0.145954435657894	277.86845	19.2582	30.346271428571402	3.610925	115.4398375	606.739471428571	55.206880000000005	374.50408	361.592164516129	15798.2057125
TCGA.25.1626.01	0.349778845176889	284.7708	176.9978	141.57668571428601	7.5479	80.715175	1076.27404285714	96.83932	317.51424	437.099658064516	129205.074525
TCGA.25.1627.01	0.0784689981115414	162.583885714286	4.698	18.8878142857143	1.0905875	249.4546875	249.06182857142898	33.89262	256.353466666667	238.795838709677	6608.4286875
TCGA.25.1628.01	0.20505715131183397	178.299835714286	162.3943	144.132871428571	4.9979375	110.108275	653.883242857143	47.30348	224.666006666667	295.21578709677397	66964.928375
TCGA.25.1630.01	0.34958043971553004	59.98328571428571	11.1111	49.6240714285714	3.7280625	215.862575	925.533014285714	111.22808	412.82652	258.088474193548	8752.8859625
TCGA.25.1631.01	0.0889991635652646	48.270192857142895	27.13	8.6574	1.7616875	171.8965125	259.706771428571	14.79814	285.83946000000003	386.232641935484	7023.5405375
TCGA.25.1632.01	0.0260279708675005	62.1204	0.384	2.35865714285714	1.5838625	78.6172625	114.42217142857099	20.350260000000002	196.92391333333302	221.182870967742	7402.425325
TCGA.25.1633.01	0.186211318914574	102.020092857143	81.6741	70.2966285714286	2.94595	49.3193875	702.5344	61.92604	379.953933333333	352.788925806452	59787.383675
TCGA.25.1634.01	0.0487971772333669	27.21735	0.9502	0.882357142857143	0.712675	57.0732875	64.73861428571429	10.45256	136.42158	199.07199354838698	3522.7818125
TCGA.25.1635.01	0.185723651595182	74.1270785714286	46.3711	47.6549428571429	2.8474375	27.9934375	614.777128571429	25.4502	293.87562	210.96609032258098	41050.3841375
TCGA.25.1870.01	0.0475504537522254	46.64995	5.1462	16.3074285714286	4.619875	986.43275	498.78027142857104	33.49708	295.766086666667	274.478316129032	8767.3099375
TCGA.25.1871.01	0.0135932355996951	52.117257142857106	0.2714	3.3349	3.4948375	79.9402625	54.52148571428571	6.62326	332.68186000000003	331.852993548387	4091.107475
TCGA.25.2042.01	0.257686276881277	85.83405714285709	28.8775	35.6643714285714	5.181675	62.5291	655.4661	48.626000000000005	469.86492666666703	752.320419354839	232694.6827
TCGA.25.2391.01	0.122861755317818	55.8466714285714	22.9704	30.1075714285714	2.4406125	29.50255	346.5652	15.67726	285.38752	209.275203225806	3230.533
TCGA.25.2392.01	0.22456162581386	394.35801428571403	16.9866	17.9472	3.096525	33.7521	1662.72165714286	29.72662	316.0695	333.420361290323	5747.1025625
TCGA.25.2393.01	0.13646905523483602	51.355057142857106	21.1706	42.2819285714286	2.0236625	47.21875	182.944914285714	34.62018	219.78692	149.999732258065	8869.7374375
TCGA.25.2396.01	0.0722675881229624	141.134028571429	30.6617	89.8652142857143	5.5236125	27.7308	343.27585714285703	20.29082	150.84356666666702	182.536058064516	9988.332775
TCGA.25.2397.01	0.0774845554657498	199.12485	2.1590000000000003	27.757957142857105	3.9131	11.40195	361.85591428571405	17.59548	271.056546666667	199.30286774193502	1642.48415
TCGA.25.2398.01	0.0825395809050095	124.7439	18.2764	11.9667142857143	2.7922375	49.1813625	738.309785714286	49.34636	203.883753333333	234.065396774194	106437.27125
TCGA.25.2399.01	0.128931226117247	96.38596428571431	28.2778	179.470514285714	8.7432875	37.5888	504.196842857143	18.55302	251.465613333333	310.163990322581	35670.3798625
TCGA.25.2400.01	0.0774210441786634	85.6452428571428	44.3761	10.7331142857143	1.373025	52.94375	349.08487142857103	9.753960000000001	396.19214666666704	263.887551612903	3704.908275
TCGA.25.2401.01	0.259829666479657	74.1702	56.8066	43.3543	4.0941625	50.7292625	1423.1613	60.90074	262.436026666667	392.295538709677	68738.491575
TCGA.25.2404.01	0.10350336225151599	48.19156428571429	20.1813	34.546814285714305	3.4360375	78.15905	343.948528571429	34.795359999999995	265.813246666667	296.479925806452	33606.9634875
TCGA.25.2409.01	0.11999412234872099	111.123292857143	8.5081	80.9718428571429	14.6127	78.598825	766.246028571429	39.866620000000005	279.55256	259.511541935484	35217.3055125
TCGA.29.1688.01	0.10318966920191901	64.66165	32.6316	106.242857142857	9.2914375	44.539475	759.473685714286	27.15788	176.2807	202.16263548387101	17904.9493375
TCGA.29.1690.01	0.10886512546563001	87.61325	33.2826	32.5033	3.9066625	282.242525	706.588385714286	172.82598000000002	269.507866666667	186.036493548387	25454.69305
TCGA.29.1691.01	0.0784900989578772	57.20399999999999	62.211999999999996	26.380157142857104	3.7030875	92.906525	289.523185714286	35.9447	217.81874666666698	170.897016129032	5124.7531
TCGA.29.1693.01	0.0872511918861857	510.71302142857104	14.1493	48.239428571428604	3.8026125	2.4319	261.101128571429	27.66184	182.64355333333302	186.10402903225798	27426.3088125
TCGA.29.1694.01	0.0985181362756585	89.47645	8.203	37.060085714285705	2.2216625	45.2448125	357.522971428571	50.92712	334.774566666667	304.365735483871	30624.6958
TCGA.29.1695.01	0.13245443734644302	352.069507142857	28.4108	46.20978571428571	2.8114875	17.497775	1209.13201428571	51.96804	177.66598	260.512851612903	32119.9371
TCGA.29.1696.01	0.0310399089453129	74.2136	12.2957	16.2710714285714	1.3347375	47.9695875	141.612314285714	11.90744	209.86895333333302	182.628241935484	1780.4157875
TCGA.29.1697.01	0.0389279538091999	980.500421428571	311.8885	19.6393571428571	7.1550875	27.3972625	128.956542857143	33.51272	210.79582000000002	215.650687096774	1257.9173875
TCGA.29.1698.01	0.100323962712601	388.19534285714303	16.7806	16.6645571428571	2.571225	17.118875	369.86818571428597	21.544079999999997	142.057326666667	325.517725806452	57145.6772125
TCGA.29.1699.01	0.136788072788647	166.724657142857	9.895	76.12771428571429	10.22245	44.27995	1149.39281428571	31.115840000000002	307.738373333333	232.747219354839	11986.7700625
TCGA.29.1701.01	0.12368942906132599	416.037307142857	113.2164	63.01941428571429	2.80365	45.8347625	414.306285714286	83.12732	127.76788	145.19955483871001	18322.88015
TCGA.29.1702.01	0.045933594859712004	33.8642357142857	1.8018	10.199485714285698	1.5484125	333.6148875	214.078528571429	16.8919	271.11111333333304	287.604180645161	7377.2277625
TCGA.29.1703.01	0.041575639338058995	336.22214285714296	7.7749	19.1158285714286	1.023	463.37595	188.8193	19.478279999999998	231.47485333333302	180.60661935483898	9598.822
TCGA.29.1705.01	0.101890937593039	44.6604	16.6496	17.003857142857097	2.0811875	28.4725875	590.520457142857	25.364079999999998	281.74435333333304	270.978064516129	44290.1140375
TCGA.29.1710.01	0.311696648165414	813.0843428571429	80.7053	235.660028571429	31.4106375	92.7433	1195.3718	620.14242	263.705206666667	182.95300322580601	32070.4170875
TCGA.29.1711.01	0.122876326172174	86.40005	76.9962	97.81232857142858	8.02045	30.0617875	548.4600857142859	68.1559	271.166026666667	306.027077419355	12779.523525
TCGA.29.1761.01	0.138089962518046	107.804528571429	99.4126	55.83888571428571	3.727975	28.86355	350.074242857143	65.43154	119.084206666667	115.282570967742	4361.7826375
TCGA.29.1762.01	0.0678286598463512	49.67501428571429	47.1492	1.298	2.179425	27.9948125	273.22695714285703	19.989279999999997	205.93379333333303	437.72153225806505	7567.962025
TCGA.29.1763.01	0.0955956033758019	38.570585714285706	11.5521	30.7633714285714	3.443425	475.784925	632.326928571429	24.8815	196.16904	399.832687096774	13238.2157125
TCGA.29.1770.01	0.058746397254464004	277.82792857142897	7.0632	22.039285714285697	3.4851125	16.635675	248.54114285714297	16.059479999999997	163.519193333333	403.82180967741897	46901.2425875
TCGA.29.1770.02	0.06643919633063901	262.092607142857	5.2597	27.484257142857103	7.1088	13.7245125	172.30205714285702	10.05916	279.0927	288.14447419354804	40876.5047625
TCGA.29.1776.01	0.0576512235780922	65.1758785714286	32.9085	25.0731142857143	1.6204875	72.4858875	225.603957142857	18.847579999999997	343.67746666666704	194.407696774194	19573.872675
TCGA.29.1778.01	0.110293838982789	154.4496	33.4744	84.25012857142859	9.1208125	101.927575	444.1937	40.169259999999994	215.76554666666698	371.749880645161	7168.6742
TCGA.29.1781.01	0.180813039196654	145.258728571429	226.5447	161.129085714286	5.6964875	579.3432375	839.761685714286	76.33286	311.933546666667	218.864093548387	3308.7301875
TCGA.29.1783.01	0.12143549656629199	233.29070714285703	38.7128	36.546714285714295	3.66965	173.3204375	817.981171428571	72.90912	307.014006666667	263.468593548387	16397.4748
TCGA.29.1784.01	0.159674849556211	540.740314285714	89.39	70.4650857142857	3.3219375	212.804525	730.075642857143	80.93418	142.32602	174.570748387097	2202.7380875
TCGA.29.1785.01	0.0965779459706547	146.44405	133.7594	147.0636	12.49715	63.798225	593.642671428571	28.39534	197.09351333333302	164.935525806452	8175.0816125
TCGA.29.2414.01	0.0471988761343119	38.671714285714295	10.7742	10.5433142857143	0.8754	44.2415875	148.4532	12.39034	256.60571333333303	226.31605161290298	53749.1549125
TCGA.29.2414.02	0.14967459801584	125.635428571429	130.4289	125.790057142857	4.6002	130.4965375	377.17997142857104	97.1993	184.47660666666698	138.539548387097	4969.971575
TCGA.29.2425.01	0.0610344963400271	32.772735714285695	10.2954	37.6646571428571	2.6857625	46.7211375	198.26062857142898	19.78516	202.56639333333302	216.119367741935	7049.274275
TCGA.29.2427.01	0.290086382204691	154.715464285714	220.9856	266.86981428571397	18.92915	69.56125	1169.2105428571401	59.40664	214.782473333333	207.561641935484	21045.537999999997
TCGA.29.2428.01	0.11744403508036601	1183.10093571429	146.6978	100.192028571429	4.45645	102.13325	513.556828571429	110.6955	196.64914	239.27791290322602	5995.6889125
TCGA.29.A5NZ.01	0.0326013567720752	44.57786428571429	3.259	7.216257142857139	3.6323875	25.019275	291.637814285714	22.86702	194.75888	262.048064516129	63060.3270375
TCGA.30.1718.01	0.166822777241379	52.9073	35.0238	59.94177142857139	3.6411	62.462075	304.291271428571	47.99306	120.72243999999999	261.82675161290297	28766.4469
TCGA.30.1855.01	0.13550598328649302	144.608942857143	47.2046	47.01627142857139	3.72495	104.529275	627.4110714285711	78.5865	244.14556000000002	270.953964516129	33309.3094
TCGA.30.1857.01	0.124668841027062	146.009942857143	72.0942	64.45737142857139	6.9274125	76.937225	470.01191428571406	130.94654	209.77604	247.163219354839	67638.906325
TCGA.30.1860.01	0.209468642027908	126.018657142857	117.5258	269.622014285714	14.4235625	76.6323	527.3088	49.34708	238.258866666667	139.924616129032	12007.9037625
TCGA.30.1861.01	0.0827317533894677	75.6951714285714	6.9633	4.60077142857143	1.6864375	5.0049	161.773157142857	11.57654	273.600993333333	252.57415483871003	126152.176575
TCGA.30.1862.01	0.10386692887739801	131.75415	27.9935	34.568000000000005	3.60685	112.404775	272.393042857143	22.222579999999997	224.034393333333	267.086638709677	32567.4757375
TCGA.30.1891.01	0.12807652409319198	346.16732142857103	42.0905	52.960014285714294	2.023575	26.3065625	317.638314285714	20.61354	262.364093333333	244.742477419355	32728.9338375
TCGA.31.1944.01	0.136100761186679	50.088	17.9671	19.6538714285714	2.695075	232.7387	342.93927142857103	36.34496	199.24709333333303	240.17387741935502	24657.75155
TCGA.31.1946.01	0.169152174769555	52.50616428571429	18.0534	30.948657142857105	35.1256	32.7217375	768.341014285714	30.69074	224.17582666666698	260.010119354839	58658.09165
TCGA.31.1951.01	0.11196817905790898	107.19342857142901	34.3558	101.880942857143	11.090125	46.672975	598.714228571429	33.44972	339.58156	361.67772580645203	40921.8513375
TCGA.31.1953.01	0.168323688974648	435.38573571428594	42.9302	458.9316	19.2640625	15.2044375	1484.57875714286	453.56048	230.57354666666697	317.047222580645	41725.6443875
TCGA.31.1956.01	0.24576093820874698	283.539471428571	208.7725	188.06774285714297	7.836175	119.4834	1599.98832857143	278.93842	249.951833333333	480.182058064516	49180.3459125
TCGA.31.1959.01	0.227924559809147	494.963364285714	42.8994	62.9346428571429	5.9171625	67.6775125	1021.48494285714	76.13412	304.17488666666696	361.423135483871	48600.2508375
TCGA.36.1568.01	0.0935719059023287	142.219864285714	48.3835	41.4002428571429	5.225425	51.867125	651.9846142857141	119.13954	299.1778	231.09161935483897	19889.241425
TCGA.36.1569.01	0.19316145683348	221.92824285714298	119.9601	91.1810571428571	4.5234375	75.9367625	897.043114285714	136.3157	372.28475333333296	192.257235483871	52891.8431875
TCGA.36.1570.01	0.0476916257280437	102.871421428571	8.8543	8.418142857142861	2.4043875	6.907875	271.527771428571	13.37306	185.51312666666698	227.636216129032	6157.582375
TCGA.36.1571.01	0.0349886524640863	192.433357142857	1.8595	17.1779714285714	1.93695	53.4211125	172.54494285714298	20.4542	235.16139333333302	180.13279354838699	8055.2194
TCGA.36.1574.01	0.0676045754009177	50.1135928571429	9.3501	28.956642857142896	4.0071875	51.8429	416.06688571428595	61.5102	163.158986666667	224.01459032258097	32401.7506375
TCGA.36.1575.01	0.0258887164645988	814.72625	6.155	8.335614285714291	5.7856875	59.887975	96.897	8.71546	279.616746666667	217.044616129032	3299.2804875
TCGA.36.1576.01	0.265219649942059	165.064492857143	84.292	87.89864285714279	5.402625	73.7554625	939.6338142857139	92.27326	245.62762	345.023177419355	66786.3463375
TCGA.36.1577.01	0.10355779297518	33.2834	1792.0743	15.5871	1.1966125	197.1563375	141.459442857143	12.163039999999999	296.830206666667	322.890803225806	9022.735275
TCGA.36.1578.01	0.0895173663587279	149.483207142857	70.3427	89.46314285714291	7.9717125	82.0095	678.363614285714	140.84968	269.035866666667	197.050609677419	3195.82275
TCGA.36.1580.01	0.15122252526839	486.285492857143	68.6533	52.756357142857105	1.980375	39.5605375	674.829457142857	116.7861	271.671066666667	197.09677741935502	54077.5707375
TCGA.36.1581.01	0.19495238585378	134.339728571429	104.3787	126.45708571428601	5.6552	158.870575	616.238485714286	66.5051	318.242053333333	278.134464516129	8108.6892125
TCGA.3P.A9WA.01	0.0767658859551187	185.175671428571	2.8818	6.9644714285714295	3.5723	22.214225	201.765785714286	26.368859999999998	239.11303333333302	200.41267741935502	1266.1773625
TCGA.57.1582.01	0.078132454921112	713.585142857143	17.9812	13.544285714285701	0.7151625	80.4046	278.066414285714	22.803420000000003	216.51	188.84361935483898	20444.5351375
TCGA.57.1583.01	0.0199933118369598	150.643971428571	2.6505	15.957171428571401	2.0352125	34.267325	109.851242857143	10.07194	189.04456666666698	346.903048387097	16045.5149625
TCGA.57.1584.01	0.084977140411361	59.94860714285711	15.2122	23.2840285714286	2.5534875	34.0102	507.327328571429	11.82208	248.64032000000003	230.046803225806	5363.2365875
TCGA.57.1585.01	0.160712922203324	614.436285714286	38.7352	35.3096142857143	2.4374125	62.7141	693.094314285714	131.278	232.902946666667	373.06930967741897	76305.9163375
TCGA.57.1993.01	0.0461623500042855	128.528885714286	5.7278	6.1683857142857095	2.9740375	87.403725	479.474428571429	12.9536	341.111366666667	205.64281612903198	5926.27025
TCGA.57.1994.01	0.14566989527991503	366.472928571429	108.0861	97.5979	7.6476	239.0639375	640.7091	85.89784	284.857753333333	215.10297419354802	5123.12685
TCGA.59.2348.01	0.160368187306793	101.681014285714	15.4162	20.6356	3.7310375	31.8163125	454.525857142857	24.53464	329.49023333333304	368.216158064516	10395.9782625
TCGA.59.2350.01	0.17719382904937497	52.3165	52.6365	15.6256285714286	4.2930375	40.830625	316.449314285714	11.572560000000001	137.725926666667	187.464070967742	6166.403175
TCGA.59.2351.01	0.24905811553707302	87.8288	19.6166	39.0421	3.9010125	274.799375	685.241057142857	43.24566	191.23198	386.359712903226	12124.18135
TCGA.59.2352.01	0.124038099115378	42.975264285714296	164.8833	51.000557142857105	4.681425	159.472275	361.172871428571	40.66146	272.17899333333304	284.100196774194	16821.7357625
TCGA.59.2354.01	0.181476160428926	396.539778571429	46.6075	68.1518714285714	16.1409875	144.019725	743.3380142857139	86.85034	295.064006666667	337.498809677419	85172.3238
TCGA.59.2355.01	0.100392164166923	123.641785714286	36.5325	39.1126714285714	2.92465	92.460125	294.716642857143	20.93436	200.25846	290.42103225806403	15095.5597625
TCGA.59.2363.01	0.0707535155071006	31.845114285714303	73.5622	6.7511571428571395	3.9567625	80.8627	166.4225	18.2791	237.00402000000003	249.747303225806	10957.192925
TCGA.59.A5PD.01	0.174489345924953	327.76584285714296	4.5454	10.2163	2.4620875	39.5070125	187.7462	13.151320000000002	169.12888	108.712316129032	7878.4419
TCGA.5X.AA5U.01	0.0116465384656883	27.8370785714286	0.5685	1.2994571428571398	5.5785875	77.7803875	186.1369	22.172220000000003	141.23886000000002	215.096096774194	7384.331775
TCGA.61.1721.01	0.0557718264713908	65.56665	24.924	36.7347	5.92705	290.0456	477.898414285714	190.03038	288.34852	1530.02450645161	39166.28875
TCGA.61.1724.01	0.0902752670873841	475.28995714285696	8.1513	38.008285714285705	3.34205	19.8891375	309.650657142857	14.80274	247.64700000000002	194.677158064516	12822.841125
TCGA.61.1725.01	0.10567449035536901	36.3610428571429	25.9179	37.6901571428571	3.2397375	20.019925	365.79405714285696	23.6584	124.0516	204.99322258064498	18233.6434625
TCGA.61.1728.01	0.0581428201596855	318.8926	5.2429	17.384471428571402	2.8974125	15.7633	299.47797142857104	20.806160000000002	199.930546666667	206.98124838709703	6159.634575
TCGA.61.1733.01	0.0599604105397378	193.315535714286	25.3831	20.9359714285714	1.49665	25.802225	252.34127142857102	17.33718	229.374186666667	204.706777419355	24777.0276625
TCGA.61.1736.01	0.0781675044047941	98.46462142857142	10.1954	36.2908142857143	8.283775	80.448175	606.809071428571	39.50724	284.19712000000004	571.636616129032	12375.73335
TCGA.61.1737.01	0.0924363779480293	258.131692857143	37.1134	32.4426714285714	2.687775	18.5567	550.3892285714289	71.3402	203.25969333333302	365.33878064516097	91223.2128
TCGA.61.1738.01	0.0666923588746409	418.041	48.4758	24.3449857142857	2.3738375	94.3278375	221.544214285714	75.06248000000001	222.42213333333302	110.783167741935	1442.7786125
TCGA.61.1740.01	0.224144914348757	113.9217	73.9777	83.3716714285714	5.9250625	168.8129125	837.1638	45.70178	295.180046666667	277.400261290323	9245.3572125
TCGA.61.1741.01	0.0760553103072761	84.7839928571429	15.6811	24.081757142857104	2.3412875	836.0012875	397.06601428571406	31.536540000000002	214.07672666666699	286.124780645161	5555.7007375
TCGA.61.1743.01	0.0410511852132449	73.6122	3.6708	7.2432285714285705	2.753075	142.7875	146.963171428571	13.031260000000001	266.62077333333303	302.343861290323	5067.16375
TCGA.61.1900.01	0.0410737074761775	91.3601428571429	601.7808	9.29865714285714	1.91895	44.1740875	137.6727	14.430439999999999	299.15054	266.752903225806	11116.4269375
TCGA.61.1907.01	0.11859322944118099	134.932964285714	139.283	99.00454285714291	3.4538875	106.7178625	564.623914285714	76.4647	239.61946	198.19755483871003	485.798925
TCGA.61.1910.01	0.0437202268786288	240.81237857142898	3.8685	7.18431428571429	4.4729125	15.473875	329.510885714286	16.82784	181.49582	269.571664516129	4756.05415
TCGA.61.1914.01	0.13463765064382802	342.819457142857	25.184	15.9153285714286	1.7607375	41.9911	421.23744285714304	40.8066	146.94933999999998	199.500087096774	7135.740675
TCGA.61.1917.01	0.0724386316644069	1817.9210785714301	33.6098	78.25652857142859	2.0733375	102.4116125	465.87578571428594	33.347879999999996	156.43823999999998	245.499919354839	12583.3888
TCGA.61.1918.01	0.067826664844965	114.77424285714301	12.9391	31.067442857142897	4.0734	39.955325	548.164271428571	58.657059999999994	247.56735333333302	281.043935483871	7220.5708375
TCGA.61.1919.01	0.166922798021149	145.885092857143	22.9243	29.5502	2.4656875	51.646225	785.212857142857	94.68248	179.98204666666697	206.81273225806498	65672.2124625
TCGA.61.1995.01	0.125939034793491	314.268228571429	20.924	29.4410714285714	5.804275	55.4272125	803.5486428571429	64.95048	383.951366666667	269.259651612903	4549.6924625
TCGA.61.1998.01	0.125245349603224	255.429378571429	4.7818	20.3797	2.9886375	99.621425	525.9465571428569	56.10678000000001	188.829133333333	471.10528387096804	26863.5923625
TCGA.61.2000.01	0.0517264559991197	55.15732142857139	4.8845	108.094385714286	5.828125	25.7548625	290.520171428571	21.6696	198.105373333333	227.71042580645198	11687.6149
TCGA.61.2002.01	0.162972405734758	105.158892857143	124.2843	124.761685714286	3.5438125	47.358325	704.715042857143	106.58663999999999	304.200513333333	199.16454516128996	49848.20425
TCGA.61.2003.01	0.195888316409335	276.734985714286	35.8665	54.1802	5.2348125	178.5333875	1564.6732857142902	234.16192	300.04735333333304	397.14854838709704	50065.88645
TCGA.61.2008.01	0.0655416539042701	85.5395928571429	30.6837	20.1381857142857	2.9460875	48.58255	498.943871428571	16.54252	272.744126666667	274.490122580645	19791.4046625
TCGA.61.2008.02	0.16529658083959398	245.689564285714	134.2637	162.854057142857	16.5717375	18.845275	600.982828571429	82.03738	214.25300666666698	267.649980645161	7092.9079125
TCGA.61.2009.01	0.124072569906396	395.53652857142896	72.2781	47.64082857142861	2.5160125	8.577325	446.4384	77.67612	213.78468666666697	266.703222580645	65135.7731
TCGA.61.2012.01	0.273184641304422	492.703471428571	85.1098	91.3303857142857	3.958575	237.948575	562.7599571428569	85.30766	323.483026666667	194.8394	9012.9761375
TCGA.61.2016.01	0.0607457481998346	101.595928571429	30.3835	48.62771428571429	5.3109375	461.5265875	461.662271428571	49.60168	398.59198	453.913306451613	5109.0675125
TCGA.61.2088.01	0.0362365137460978	235.562314285714	8.3031	4.96701428571429	10.7031625	170.3424875	276.221357142857	9.96366	264.24494	303.873474193548	5450.085625
TCGA.61.2092.01	0.0346980041917595	81.8493714285714	3.2318	2.9019999999999997	0.6348125	69.02125	140.350871428571	8.40258	210.249306666667	208.537512903226	773.19945
TCGA.61.2094.01	0.42094358664280696	277.874278571429	213.6735	321.51635714285703	16.2779875	464.6535	1431.0582	169.34422	372.42265333333296	282.80551935483896	3482.098525
TCGA.61.2095.01	0.203955308632745	104.178457142857	3.8368	246.06728571428602	17.551775	232.190825	893.4577142857139	255.53142000000003	396.487186666667	415.826458064516	45146.630625
TCGA.61.2097.01	0.12245313139191902	47.7475285714286	2.1587	2.56984285714286	3.1480375	61.52185	556.305628571429	15.254539999999999	358.00203999999997	414.07216129032304	23835.5000875
TCGA.61.2098.01	0.0404461729149227	206.647264285714	21.5233	4.47237142857143	2.061475	36.8271375	272.414985714286	4.8636800000000004	212.71687999999997	441.716535483871	10832.42815
TCGA.61.2101.01	0.0475088398776225	278.16097142857103	7.7014	15.4451714285714	1.2218625	18.8833	218.479185714286	39.98814	227.23143333333303	229.507732258065	53626.0363625
TCGA.61.2102.01	0.0830359958159696	33.9296642857143	2.9988	11.1385285714286	2.024225	162.011975	611.463857142857	76.77014	309.279693333333	576.590935483871	31141.610925
TCGA.61.2104.01	0.120149444379112	132.948128571429	20.9331	26.204414285714304	5.0470125	66.3917125	625.357957142857	81.24888	231.11584666666698	314.971019354839	8916.5079125
TCGA.61.2109.01	0.0697859622054235	149.716307142857	7.1521	47.407885714285705	5.0064375	209.31675	335.669671428571	10.58502	319.426553333333	289.20516129032296	4935.6762125
TCGA.61.2110.01	0.052936102372859	114.27209285714301	2.3821	10.9576	3.0967	149.59505	198.3938	14.673639999999999	218.19912666666698	209.45641935483897	7279.9553375
TCGA.61.2111.01	0.10460012964381801	151.906335714286	130.2912	31.0503142857143	3.93875	89.4626125	434.252271428571	68.32784000000001	343.360346666667	269.272235483871	4670.369275
TCGA.61.2113.01	0.18724539336571	92.07652857142858	34.5942	28.4775714285714	5.066825	67.0044625	624.635242857143	21.73496	329.8448	350.079270967742	49407.0013875
TCGA.OY.A56P.01	0.0054534839935535895	49.9977714285714	3.4731	12.0223714285714	1.9369375	11.7218125	109.2699	2.56478	223.82966000000002	249.60689677419398	6942.1627375
TCGA.VG.A8LO.01	0.034111756452794004	97.38532857142859	5.4755	7.638071428571429	3.985825	74.160575	72.2395571428571	8.30986	182.66634666666698	198.724325806452	8078.1178
TCGA.WR.A838.01	0.0026953869762475604	129.867628571429	0.3845	6.86548571428571	1.7781625	200.836225	61.2402	13.91774	218.838913333333	201.675161290323	5613.201175
