sampleID	LeukocyteMeth_score	B_cell	T_cell.CD4	T_cell.CD8	Neutrophil	Macrophage	DC
TCGA.04.1348.01	0.150948736257642	0.284868573924138	0.20634290095548	0.138017957284564	0.187014480694329	0.0	0.575929957283179
TCGA.04.1357.01	0.26794368108652	0.6052589755159119	0.259461780066501	0.024221882369967997	0.10000450349787599	0.0	0.8067421302896991
TCGA.04.1362.01	0.0840705134191117	0.159976534206896	0.144420671366844	0.26335778445887303	0.10042915939108099	0.10724380738118401	0.338729264887538
TCGA.04.1364.01	0.0334651133520436	0.14925783816022303	0.215275535092957	0.0223424095554589	0.0	0.0416778702106802	0.169300939713694
TCGA.04.1365.01	0.14147110021652498	0.041258046633235	0.0866825547027294	0.282746282283833	0.19528997279571803	0.0	0.533185422466741
TCGA.04.1514.01	0.0377776599134639	0.0	0.0818703990101342	0.1196330343826	0.0385345347532541	0.16070038621304	0.144629798299929
TCGA.04.1519.01	0.0203532219944987	0.0	0.284263378463034	0.211557923674094	0.0	0.0	0.23356806841807398
TCGA.09.0364.01	0.0555369859994129	0.138284075647401	0.0336039734531735	0.18721397837911602	0.0	0.00544204467954527	0.24670771790989102
TCGA.09.0366.01	0.27303013571808105	0.0165228453229355	0.130473686871231	0.0	0.281401359708712	0.0749774706025778	0.9218901206288621
TCGA.09.0367.01	0.0758041481906226	0.243070259178638	0.0655825851623686	0.0	0.0216982170471488	0.0	0.7066015208909009
TCGA.09.0369.01	0.101152951405166	0.0	0.12692562985951	0.0149150842779829	0.0526250766371131	0.21361266976808999	0.133634824812995
TCGA.09.1659.01	0.0593200844921141	0.362122883518629	0.0	0.0	0.0	0.0	0.7233686553475072
TCGA.09.1662.01	0.13973843903891	0.252690110551477	0.37730833496524396	0.0	0.137338414142924	0.018514643692926002	0.38711372682725803
TCGA.09.1666.01	0.0849440909039758	0.0808859466651903	0.164315963028154	0.19130738877605	0.15263047779056	0.0254319770826996	0.392878741482827
TCGA.09.1667.01	0.11127309420099002	0.15125265477686498	0.157365282258337	0.24315709392220602	0.204506750025577	0.0	0.476756103522639
TCGA.09.1668.01	0.141491751220325	0.0	0.0541427990138493	0.483082940478132	0.253461533287822	0.0	0.6146209998758969
TCGA.09.1669.01	0.0825202795838479	0.125037464363348	0.156674875350817	0.183237901044689	0.0746090831435943	0.0	0.333613809054432
TCGA.09.1670.01	0.111348083064122	0.14351967242951802	0.14088747027302898	0.213397865267776	0.11899254422831401	0.033515909661974	0.36593202787916207
TCGA.09.1673.01	0.0456094771497273	0.00655261442862438	0.0	0.446264519388272	0.0619306834839839	0.20638094372416801	0.330924936297796
TCGA.09.1674.01	0.0387961014989242	0.0	0.20244556674126998	0.21174662635761302	0.026212322483475	0.0359783569088284	0.26205698526027105
TCGA.09.2044.01	0.136226438968971	0.0	0.041551795841005	0.29007039448174393	0.20075595350169603	0.0	0.576753766959266
TCGA.09.2045.01	0.0785829786654475	0.104549570165857	0.191479710857298	0.10656949729868401	0.0852752829440873	0.17102127969888697	0.23399755669548702
TCGA.09.2048.01	0.0785481583050441	0.0173493252316289	0.0	0.120620062519668	0.00692187183680857	0.0	0.394248400560176
TCGA.09.2051.01	0.130182408150839	0.0529281624829415	0.19915035958893398	0.24398174971552902	0.17481545670656598	0.0	0.3792685330157371
TCGA.09.2054.01	0.0814079756005146	0.0525549032187021	0.17720266112891503	0.0946198533294921	0.0543828916841094	0.11853789137947801	0.17126537615878398
TCGA.09.2056.01	0.0840428888121641	0.18812027939694698	0.126606606225462	0.0	0.13865955364319799	0.0	0.680553254177025
TCGA.10.0928.01	0.0398287434991948	0.0985582700990518	0.10053055319350399	0.10791610995388301	0.0773294824985314	0.0	0.34935086594930104
TCGA.10.0936.01	0.0790983933153803	0.0893880805529227	0.138056842995117	0.0	0.0794805758723845	0.0	0.595840449718038
TCGA.13.0730.01	0.09696608281345401	0.0	0.0798660817661885	0.22552818115239703	0.0799624115731455	0.0732377433072666	0.335861820070865
TCGA.13.0799.01	0.0709284434743637	0.0821963912273541	0.20571902580503698	0.0321306467176035	0.0678794727771876	0.0	0.20653565570009802
TCGA.13.0800.01	0.0558024311841011	0.0373675734838082	0.165579263847269	0.10012787875069501	0.0	0.0	0.318661430063484
TCGA.13.0801.01	0.115757296721003	0.107717874806756	0.0691974786206323	0.0	0.16374240688825598	0.0	1.0722655157482601
TCGA.13.0890.01	0.190907623110811	0.014229323517576999	0.142657826627049	0.158811566796882	0.0917468928272935	0.139425210701475	0.585816451119645
TCGA.13.0893.01	0.10888707715807902	0.22727517254450302	0.0867996589962052	0.343992558523482	0.101992988217645	0.0743433185657892	0.300974533919768
TCGA.13.0897.01	0.10489111649253899	0.0	0.0	0.31721941379687	0.13341280469828198	0.0008305202188824191	0.842888399171174
TCGA.13.0899.01	0.11097360315765599	0.0236939863430451	0.17757703191056198	0.0	0.0591546607074495	0.0	0.49803847995997896
TCGA.13.0913.01	0.0676753217508198	0.21322583304129702	0.16060728873359398	0.0	0.0	0.0	0.36324689343792893
TCGA.13.0916.01	0.0745608907688575	0.0807843892651273	0.273150125214026	0.124038069270732	0.110578488674094	0.0	0.378210501697758
TCGA.13.0920.01	0.10878752568170098	0.210300159442184	0.0791223173375767	0.116466097179206	0.0285393771690842	0.0825111826726209	0.192910343790691
TCGA.13.0924.01	0.223850842787692	0.0410736670068731	0.41842993961596797	0.0	0.108561121199478	0.0	0.659829645259853
TCGA.13.1403.01	0.0516879703602499	0.0833268210654491	0.15725085819067902	0.283675032804507	0.165123307449935	0.0	0.534474180471896
TCGA.13.1405.01	0.174571515400738	0.0791243889612207	0.14039427940673999	0.37105962820367105	0.0964699833494624	0.160234720192999	0.36459629699701895
TCGA.13.1410.01	0.0686202703432861	0.142153367410288	0.105233042839322	0.35686829333189796	0.128009774004858	0.0704862479596552	0.291953344546031
TCGA.13.1411.01	0.373255563796694	0.0	0.19627067022834804	0.327784396332388	0.384059941590375	0.327898051332606	0.474148862281676
TCGA.13.1481.01	0.189820971844638	0.14731602018341103	0.0	0.3755982409008571	0.0701930607847058	0.135865394457167	0.304877470167644
TCGA.13.1489.02	0.278698251294038	0.0480641425960624	0.263670292967727	0.0	0.32191009419406397	0.0	0.6301916206426229
TCGA.13.1497.01	0.132178891866528	0.130633279055166	0.0861926652787482	0.21305383347170997	0.113952088434371	0.0180396595108932	0.373486953933408
TCGA.13.1498.01	0.11475022036308599	0.223110663905532	0.0	0.40147566755942604	0.131301338917948	0.0	0.6354615331882211
TCGA.13.1505.01	0.10167898908817999	0.12194265459995801	0.0692882032043612	0.28253193155475004	0.0601750445206275	0.0524008825847227	0.33367855287152304
TCGA.13.1506.01	0.0672899917994202	0.0913436536855272	0.19353081871302802	0.0383469383356149	0.11873506312999	0.0	0.330930599514435
TCGA.13.1507.01	0.166367497622779	0.0688186123116411	0.0	0.507469432778519	0.23958499584607396	0.0102963809341813	0.524467635085203
TCGA.13.1511.01	0.0812559765751946	0.25770478662283397	0.0	0.45753734055087103	0.0785061275709712	0.071733856942395	0.43570290635895903
TCGA.13.1512.01	0.137258422607395	0.171937839849055	0.046568301428814	0.208815925103355	0.0547574662145759	0.14035477589744902	0.32467263008530395
TCGA.13.2060.01	0.22379912944084301	0.297473180516396	0.12180751795397399	0.320618877232044	0.25269339795416396	0.0235578207611099	0.394798363921317
TCGA.13.A5FT.01	0.14621172461050197	0.15412849511788002	0.15853668941662802	0.14239267170578304	0.102325325482468	0.0	0.195646971963218
TCGA.20.1682.01	0.15019668288423801	0.099402583675271	0.1161832841794	0.240081027017427	0.12087716760425699	0.0365062402745991	0.526929166068714
TCGA.20.1683.01	0.0704990826614184	0.0907921501760359	0.11200156403691802	0.32957062646576196	0.0	0.23108050939008298	0.287987705459273
TCGA.20.1684.01	0.0369800736144284	0.273967418992709	0.0762986640805689	0.0436532751761964	0.0654064740315991	0.0	0.27147190108773
TCGA.20.1685.01	0.11943977291439699	0.121093483402008	0.184959268182887	0.0	0.0766968132163658	0.108758306781995	0.431846542731319
TCGA.20.1687.01	0.111734048092018	0.18369219069606602	0.0281680679750408	0.41276216507510205	0.0798041414086445	0.0	0.42817564176612294
TCGA.23.1026.01	0.149074790341299	0.137761740450707	0.192133099736758	0.126959268765444	0.118045502228307	0.0	0.602374035288865
TCGA.23.1027.01	0.178988856489213	0.0584968484231693	0.180970229340789	0.0	0.17821241182822198	0.0	0.511473789720821
TCGA.23.1029.01	0.0499276777822767	0.22730808459278698	0.103251682778565	0.291733866940849	0.202181762609564	0.0553898383175769	0.268173911848339
TCGA.23.1109.01	0.0512069719020694	0.12209830863061098	0.229393182576034	0.0	0.0214542031903065	0.0549580709980247	0.45303002206361503
TCGA.23.1111.01	0.0423176346411896	0.0	0.0704745670416621	0.43076226276918106	0.0	0.0793805065693285	0.38025685343828997
TCGA.23.1114.01	0.0686604336395235	0.0	0.0778001043158885	0.19065475121557898	0.0779115968737413	0.23587190646581896	0.201432570140889
TCGA.23.1120.01	0.06359359133321499	0.046235841256065995	0.172504639317929	0.28234448595643497	0.18868506018803	0.00952125998485825	0.415489866861618
TCGA.23.1122.01	0.0946124613436426	0.0706160239245541	0.12020234149941302	0.18774522916572697	0.142432223348344	0.18125723389067602	0.22517828081651103
TCGA.23.1123.01	0.13148439594716999	0.140129368616906	0.23270268559170998	0.136687141438306	0.19962510233189198	0.014006978082971	0.37612357468879
TCGA.23.1809.01	0.0431108737860312	0.0146465381515516	0.0	0.28700271272462297	0.0671350353354978	0.297790750061259	0.288116098783292
TCGA.23.2077.01	0.106573108171569	0.0	0.0884508463168689	0.099419847127381	0.11010499983066802	0.20373657717850802	0.48242379263317103
TCGA.23.2078.01	0.220661066203066	0.132045206830022	0.204179449684355	0.35257554559494003	0.0813025358223623	0.258964753819228	0.177453809626518
TCGA.23.2081.01	0.0501188113073435	0.213275673155911	0.0144927082407002	0.39808198050725696	0.0784924584924675	0.116514823081924	0.29410069554070195
TCGA.23.2084.01	0.0978131088807635	0.273799345639868	0.219802797676256	0.16567748482017403	0.17442382320347802	0.011768353815941003	0.424643519238389
TCGA.24.0975.01	0.279522851934706	0.0	0.0682373740914648	0.348695429078942	0.0418328990347577	0.498700809913883	0.284651722052486
TCGA.24.1103.01	0.039880584555177005	0.0887890008351732	0.249658944013099	0.0	0.0105454405381793	0.0	0.456794872524966
TCGA.24.1413.01	0.0718662200637279	0.171689477949496	0.108255747127846	0.18176878271765698	0.10657241846334599	0.0	0.41651668642173106
TCGA.24.1416.01	0.0797648084698524	0.0486476311189181	0.141991302325068	0.156740514599159	0.0647748388043538	0.0	0.43304478129785
TCGA.24.1417.01	0.128061678563849	0.00168047797238574	0.20747880590752898	0.368565726540882	0.314013227342864	0.0	0.389422676775075
TCGA.24.1418.01	0.0975719042313704	0.0990103839554018	0.0	0.491964016673713	0.07431933246715201	0.152365190914212	0.33536619661677003
TCGA.24.1419.01	0.0578770168520118	0.030828517866172994	0.0688484311555354	0.352335025568849	0.0114814964367588	0.109486565699056	0.25236105568906697
TCGA.24.1423.01	0.0638271973889209	0.282295429437534	0.18218017403171	0.13881359025976098	0.0635267147539147	0.011943912745053999	0.485115948732418
TCGA.24.1424.01	0.10510680258022999	0.0	0.0808612206154087	0.200183571480151	0.10852308785134801	0.200938537460105	0.244228393784637
TCGA.24.1425.01	0.13863261404029	0.0193616821971232	0.0385238075468791	0.5781385013016079	0.149307582353475	0.24011848847280898	0.40800347050753705
TCGA.24.1427.01	0.18697453314358997	0.0	0.0433148063707043	0.49605201807907895	0.155846087256103	0.18354174506395102	0.426865207725193
TCGA.24.1428.01	0.126413787015656	0.00628477562599267	0.17612657917385102	0.0	0.21069562581836898	0.0	0.627874755213689
TCGA.24.1430.01	0.0654312863891397	0.0610138724921003	0.11230029348919801	0.0875506267311459	0.0153031187026922	0.130981894794692	0.215833303184132
TCGA.24.1434.01	0.21963570221966502	0.0	0.0	0.470475718311344	0.265286496325543	0.349904590535732	0.4982738758880129
TCGA.24.1435.01	0.11409009632174599	0.27507085808593895	0.0032740637804499	0.271484416588325	0.092500204310017	0.10335771566498	0.6128840880424921
TCGA.24.1436.01	0.130170420035041	0.127126738132428	0.15225115612661802	0.310428321486805	0.228792629999266	0.0864008093606298	0.34963756410375396
TCGA.24.1463.01	0.0980597321781303	0.0	0.0017904095488614899	0.313616037134136	0.130940245379771	0.62306285502607	0.209983133228321
TCGA.24.1467.01	0.0932402571895798	0.121112992013696	0.0544440402679412	0.168858599171975	0.0458514454029237	0.039964290534972	0.28559660320873603
TCGA.24.1469.01	0.0664350547912569	0.0385314758494243	0.101796298292849	0.183987791756184	0.11138495139377301	0.116132186037967	0.298182622300402
TCGA.24.1474.01	0.0816956501461116	0.0	0.0692497222513511	0.292598032492198	0.268607961800895	0.0847096335824272	0.358411420010731
TCGA.24.1544.01	0.0383913993993771	0.0	0.0	0.28605398271979804	0.0	0.122508266777461	0.23391131867951198
TCGA.24.1545.01	0.26585313114123	0.198684972647549	0.190097954665213	0.527663398100041	0.12814687994297302	0.19401755418367497	0.3725447150111911
TCGA.24.1546.01	0.15124000017356304	0.0310560786721953	0.0693875965480865	0.265124073065757	0.0907821697978969	0.225701257215538	0.515682977616962
TCGA.24.1548.01	0.0603082315774311	0.19448110526528697	0.0659035827649116	0.20177857760849902	0.14308140214888698	0.0	0.158393684512833
TCGA.24.1549.01	0.07467485005390899	0.0893636035805776	0.0	0.471395575440753	0.133822442854083	0.141509105642809	0.46018208404585204
TCGA.24.1550.01	0.26651437621199897	0.0	0.0	0.399754609800926	0.13041241327979802	0.233121517679677	0.680742548410421
TCGA.24.1551.01	0.154057314908923	0.13069999557845802	0.22162653773985003	0.230980323120672	0.220901098462534	0.0	0.532832626862098
TCGA.24.1552.01	0.0290753608296435	0.115409146054092	0.0694063035839903	0.300147554984753	0.0654412281653518	0.11870601773650899	0.29593478931835904
TCGA.24.1553.01	0.215844979481518	0.295144292795505	0.21013154239797	0.25327074308707004	0.0897216197113443	0.0	0.7584598414264041
TCGA.24.1555.01	0.0528633897638047	0.21556182473208102	0.16700419672629901	0.0	0.0516483275740033	0.0	0.308464668974687
TCGA.24.1556.01	0.0820265521592296	0.303259725487148	0.0	0.28811236073643	0.096532910896023	0.0	0.497021226196206
TCGA.24.1557.01	0.0487919420638192	0.0289391011735203	0.215032314637518	0.0	0.0881518579252405	0.222936821679244	0.286336220598972
TCGA.24.1558.01	0.0416808657047346	0.113501419072199	0.0	0.30564003870933504	0.118918795141019	0.0	0.351772552322639
TCGA.24.1560.01	0.0365075432308177	0.0	0.180388543730474	0.328248613502423	0.0726080842467885	0.0	0.354236663379915
TCGA.24.1562.01	0.0867537820429565	0.177616586547287	0.19748438193920395	0.141197088876145	0.0958076503571578	0.0	0.487819502077372
TCGA.24.1563.01	0.066479326964188	0.0	0.0	0.5484774850687141	0.18361993385704997	0.068409272722988	0.575164486784169
TCGA.24.1564.01	0.277815801274026	0.0	0.338752122319192	0.0535748295296207	0.19090508318043803	0.24398023029191798	0.6715905951429979
TCGA.24.1567.01	0.0433354991968419	0.173884214926983	0.0545866931352531	0.201518715276865	0.0	0.0	0.37456897339023004
TCGA.24.1603.01	0.0364257921431158	0.16429029516184102	0.133386043965245	0.18274684371430397	0.06772068282803201	0.0	0.424046108178576
TCGA.24.1604.01	0.0628233414861617	0.127217509313683	0.139021589213866	0.218299960546057	0.145810532884987	0.00885371131833017	0.299269640906906
TCGA.24.1616.01	0.0796340423345891	0.22963274412115398	0.16179027710459698	0.0432978397708006	0.061722213646092004	0.0	0.300684414454667
TCGA.24.1842.01	0.14875974243683898	0.129411574270061	0.154757189259626	0.37610265739110604	0.147237890659883	0.0	0.7186675793244479
TCGA.24.1843.01	0.11725148096474301	0.188721258654115	0.262097446834727	0.0	0.16671753694047	0.0	0.49872196337553903
TCGA.24.1844.01	0.030597000096234	0.0737848203297177	0.0638704664204915	0.18041836749919601	0.032595317796804	0.0669982258419853	0.261037467112544
TCGA.24.1846.01	0.0635957425507962	0.12046389983712401	0.0496729892497124	0.496526077860057	0.41057770989642606	0.0	0.312348070157373
TCGA.24.1847.01	0.287094746481039	0.0256375427516585	0.306833578200787	0.47848314824059396	0.236828423603582	0.032233964860021	0.69553334506706
TCGA.24.1849.01	0.30629206628216604	0.0	0.16682948380658702	0.470712453908431	0.29332556094012496	0.238688912339147	0.465343218048443
TCGA.24.1850.01	0.0948409098286037	0.1012191080854	0.0589176491885902	0.19447269171837098	0.0734681374615622	0.192064439567685	0.45288639335991204
TCGA.24.1924.01	0.141138798028178	0.41354376304270096	0.0698974938045236	0.0	0.169129801088619	0.0	0.660900795870175
TCGA.24.1928.01	0.117550746241643	0.13721596624003002	0.0489783175064759	0.300226273741091	0.123828440617649	0.20160993080263298	0.24209995420025401
TCGA.24.1930.01	0.16523744820197198	0.0	0.23813541182975895	0.18916690945785197	0.240982641265243	0.18614460731046498	0.54734619153686
TCGA.24.2019.01	0.0780092069930045	0.16241577836251	0.00258210045916252	0.287321563695337	0.0645050434243081	0.0	0.363708983594114
TCGA.24.2020.01	0.0496286319133677	0.0486411253230457	0.00254719271950715	0.321164710878933	0.0254590658453633	0.0	0.27792059799410196
TCGA.24.2023.01	0.0669113374187962	0.142593389956704	0.0	0.363718763544575	0.16035234595585	0.0	0.3987034911827629
TCGA.24.2024.01	0.0414572569357624	0.0491571914489793	0.0	0.201676351018213	0.0544410611851246	0.17936225761125305	0.39444272911470296
TCGA.24.2026.01	0.11293378447898401	0.22277119119584304	0.0263945818765317	0.33430730035877804	0.175429768108552	0.0251774815940136	0.359740092360769
TCGA.24.2027.01	0.0429598479939675	0.15179355404616598	0.0951329065394179	0.23893070339101397	0.0	0.135429348792509	0.23675743723989398
TCGA.24.2033.01	0.0661354908889835	0.0	0.30592835603010804	0.16092381459147198	0.0	0.0	0.434559254800706
TCGA.24.2035.01	0.20570329336841603	0.0	0.13846705712939097	0.40028682821788797	0.19305319076058	0.19193437550189998	0.501638031871787
TCGA.24.2036.01	0.0289982321573384	0.0675199137758659	0.0400971313917888	0.146297295484621	0.0265821089443973	0.0911828565954304	0.31261365808965697
TCGA.24.2038.01	0.0190806902570883	0.0	0.0558341272092303	0.414577884840701	0.0	0.20509693058726397	0.381454932018281
TCGA.24.2254.01	0.0832224413682712	0.0	0.159230735526577	0.0756567263725092	0.129996757647937	0.11398463162150599	0.4721682468177629
TCGA.24.2261.01	0.15727907777546202	0.135722868985744	0.162486616662056	0.311892500794543	0.141499484685389	0.0485572297939671	0.5136654909651099
TCGA.24.2262.01	0.240199011296367	0.0440306130681089	0.0817975503743843	0.28529290898875104	0.279350814637379	0.0493886344009401	0.312631404356705
TCGA.24.2267.01	0.260970212045829	0.0901875331302143	0.367083470548208	0.10842700446856698	0.21759671208120102	0.0	0.601145130776414
TCGA.24.2271.01	0.20324798681317602	0.131393479733733	0.327792124870762	0.227953731135883	0.130336977305745	0.0	0.3692937835422879
TCGA.24.2281.01	0.285816003462393	0.0713054925281468	0.29651105996354	0.0	0.16976011953076703	0.0	0.573765076887819
TCGA.24.2288.01	0.241837897172594	0.147276461302865	0.14492251806220702	0.40937790347705105	0.148791132122973	0.0346847619412414	0.42244046445300604
TCGA.24.2289.01	0.20355580866227999	0.0077694991876514595	0.0	0.550679921070662	0.244539367712067	0.244348040917183	0.381225671747894
TCGA.24.2290.01	0.12824172854090501	0.0780584007476764	0.186372530718804	0.0763228282400021	0.242067198151948	0.0038527949007940397	0.488770869173258
TCGA.24.2293.01	0.285228134930075	0.0	0.13844512693892802	0.503483273935628	0.278193695123122	0.35030313994969503	0.360532551462413
TCGA.24.2297.01	0.05245773878276099	0.18122280802836702	0.13137047107958802	0.155042823420875	0.0385500363961744	0.0825906463365344	0.245425432819341
TCGA.24.2298.01	0.0981382460418592	0.0523040033543599	0.0	0.5664380382229991	0.183864045807931	0.21655856124750197	0.42301574021752403
TCGA.25.1312.01	0.0485135145087017	0.197434684935864	0.0794722895607646	0.187124299766849	0.045474306252689	0.0836156667127196	0.36211370428640605
TCGA.25.1313.01	0.12134383655685302	0.0305938778903799	0.191429559975245	0.157333416615735	0.262108937857452	0.231432003514992	0.34599020688238596
TCGA.25.1314.01	0.0682890602807673	0.0	0.29717189306208003	0.14388163557097	0.0915292410693167	0.0	0.31236300581205
TCGA.25.1315.01	0.0324563526413264	0.113877292206892	0.156330897758785	0.158878491335641	0.0494538096421713	0.0	0.261205060197346
TCGA.25.1316.01	0.050487431433594	0.0	0.0989751567650799	0.3942442478117821	0.0092164904628649	0.124522280045585	0.28118668282062503
TCGA.25.1317.01	0.0542586076608012	0.0189407510246967	0.11084126297020098	0.30882824040022494	0.00162321655878116	0.0616041950200155	0.327032002733077
TCGA.25.1318.01	0.0857061008418422	0.14806045937485598	0.135212526309768	0.136709303693661	0.0467369913560531	0.0706275540524514	0.531991398810322
TCGA.25.1319.01	0.0614181375320645	0.257959259663226	0.26485295746498605	0.120744207655498	0.0	0.11015116870856098	0.485152391453506
TCGA.25.1320.01	0.0934312264497452	0.0	0.031981400847066	0.398573009708241	0.11668817810060901	0.39327367594235496	0.23781896148551301
TCGA.25.1321.01	0.0603703572951362	0.176851345594579	0.234812761937599	0.0426325752437969	0.0962159205995444	0.164438595870543	0.267527080362374
TCGA.25.1322.01	0.0704647972268537	0.0639170715083573	0.0389393240290636	0.278400555111767	0.211233074951562	0.139990822622597	0.35813999122484996
TCGA.25.1323.01	0.0730886140395967	0.0767650736256542	0.0724471520961709	0.22668580402183802	0.0266443137323969	0.13631482129383699	0.225532899707626
TCGA.25.1324.01	0.0361817145571132	0.0	0.410519252618349	0.538838868028425	0.0	0.0	0.0875164532983576
TCGA.25.1326.01	0.130034115297526	0.136987935729956	0.11201551698833698	0.253792508358925	0.11152424361671301	0.33470871648828904	0.3973377362064529
TCGA.25.1328.01	0.0743640076099938	0.0	0.0423731497847288	0.429085048754159	0.0927705225636701	0.21097677416498103	0.387273236426705
TCGA.25.1329.01	0.0849829520423264	0.0	0.272338739823774	0.233939293585714	0.0477154047028926	0.287540581628135	0.268372553823203
TCGA.25.1623.01	0.374558720171815	0.0	0.0694198384298085	0.575947702500061	0.36618397196415997	0.11545047377986399	0.514615443428343
TCGA.25.1625.01	0.145954435657894	0.35295282337822104	0.0	0.378540758124111	0.124322067755589	0.0673333550573694	0.7766796411612409
TCGA.25.1626.01	0.349778845176889	0.0	0.0	0.7280453069360079	0.33638230905642896	0.34912780634821994	0.4417226079897121
TCGA.25.1627.01	0.0784689981115414	0.183563902338145	0.127014007574939	0.15536238547519	0.10579800957604599	0.0623235523459005	0.4216774747109289
TCGA.25.1628.01	0.20505715131183397	0.0521906185269898	0.11132956648275802	0.524335188587642	0.12507971799492	0.36947479914330295	0.22509600876766397
TCGA.25.1630.01	0.34958043971553004	0.0	0.22040002622964397	0.0	0.35864316516179395	0.0305104818669639	0.708844269701568
TCGA.25.1631.01	0.0889991635652646	0.139852450298645	0.132090006481344	0.25040889026034696	0.0307142664966575	0.0543085795530001	0.39306765829907103
TCGA.25.1632.01	0.0260279708675005	0.0	0.044769577600592005	0.35042182545217	0.0662734994966255	0.0431609723933661	0.306988688210891
TCGA.25.1633.01	0.186211318914574	0.0	0.0	0.6081876800946079	0.27683816087041196	0.217728192237476	0.426002233446421
TCGA.25.1634.01	0.0487971772333669	0.0485081876061948	0.0453601644434252	0.16706891104779	0.0174775744586807	0.03349675589461	0.23193175190112802
TCGA.25.1635.01	0.185723651595182	0.193210550182187	0.0431815097505737	0.288269366883545	0.0977775682489569	0.192313768693808	0.45135764426448705
TCGA.25.1870.01	0.0475504537522254	0.0	0.855391782156229	0.32590404772607	0.0	0.17696632418910999	0.0900765184802853
TCGA.25.1871.01	0.0135932355996951	0.0	0.140278458717132	0.16713351766687198	0.0205902262273351	0.064011430072532	0.227160020235369
TCGA.25.2042.01	0.257686276881277	0.0	0.0	0.6578414358328499	0.34373974013299896	0.31974357895411	0.5457077610080151
TCGA.25.2391.01	0.122861755317818	0.179612717864335	0.139860063089863	0.20123262026908398	0.12498655008570599	0.0	0.51303276788026
TCGA.25.2392.01	0.22456162581386	0.0	0.41536316364174997	0.11405297638754901	0.151417151626389	0.187217395211998	0.732489316008688
TCGA.25.2393.01	0.13646905523483602	0.0	0.21683797900563698	0.0463306387939381	0.134883102922474	0.0	0.291108119671361
TCGA.25.2396.01	0.0722675881229624	0.137898628561159	0.0220271465361591	0.334888627204489	0.0938058054026751	0.0	0.49158254918825395
TCGA.25.2397.01	0.0774845554657498	0.0861666657389035	0.303504043223203	0.0	0.0843820599838807	0.0	0.41729406236337796
TCGA.25.2398.01	0.0825395809050095	0.0	0.0	0.452071250560555	0.0965558744699838	0.40351789449577896	0.26212289067086103
TCGA.25.2399.01	0.128931226117247	0.234920108007757	0.0	0.443021852146	0.163052414668761	0.0	0.49162680562891903
TCGA.25.2400.01	0.0774210441786634	0.25827378370220394	0.254140955782938	0.0	0.19666011292612898	0.0	0.49797340611628493
TCGA.25.2401.01	0.259829666479657	0.163728439201042	0.10517840707418499	0.234650895973403	0.16712409531873998	0.118546782557691	0.7510813104198051
TCGA.25.2404.01	0.10350336225151599	0.0482921084470966	0.0	0.435979578426781	0.147274718074833	0.269204425373846	0.44333740006514705
TCGA.25.2409.01	0.11999412234872099	0.11005674306520401	0.246046010756675	0.11253486918822	0.0687137740212506	0.177613577078816	0.43790911150413797
TCGA.29.1688.01	0.10318966920191901	0.0	0.23562474108992398	0.22535959331160002	0.192786215339346	0.0	0.480431806266146
TCGA.29.1690.01	0.10886512546563001	0.151739759017032	0.0461624528126321	0.00656447166769553	0.0595925326839617	0.0	1.20287792919506
TCGA.29.1691.01	0.0784900989578772	0.0637950158387665	0.10874575331889501	0.213022874164714	0.0918640074285891	0.15785370271208898	0.265521955109642
TCGA.29.1693.01	0.0872511918861857	0.0994519173478344	0.0	0.38023434860969396	0.141462212876992	0.12386065441773401	0.270062021771728
TCGA.29.1694.01	0.0985181362756585	0.0850482683942935	0.146812146096984	0.29590513305662	0.13595833153183098	0.0221507134021951	0.6445379907630439
TCGA.29.1695.01	0.13245443734644302	0.05274376985879701	0.0	0.41135384519713997	0.177709966081406	0.12245237444670301	0.603475266139188
TCGA.29.1696.01	0.0310399089453129	0.252708389354805	0.17628791903064803	0.24858359462720497	0.0	0.0	0.448531822229447
TCGA.29.1697.01	0.0389279538091999	0.148611370852057	0.0959786595849061	0.160774220630874	0.0748346042008036	0.0	0.26483049843662
TCGA.29.1698.01	0.100323962712601	0.194173031367108	0.0527023938998661	0.35896520658281794	0.133171697430785	0.10471932794809301	0.31291487874235197
TCGA.29.1699.01	0.136788072788647	0.18794802393213897	0.0325024839838011	0.23493798721888895	0.21416840487836	0.0885517499498334	0.488904149995809
TCGA.29.1701.01	0.12368942906132599	0.223996669644954	0.0936804981583301	0.204518182949148	0.121452396459015	0.0	0.523401610075641
TCGA.29.1702.01	0.045933594859712004	0.0	0.08561300948556601	0.323432740968713	0.0538575421360632	0.0	0.37169985337464295
TCGA.29.1703.01	0.041575639338058995	0.0391487013870406	0.2579636026524	0.17536658260327997	0.106589332184423	0.0	0.364860344663141
TCGA.29.1705.01	0.101890937593039	0.136041669669115	0.0122230838405565	0.28809169888530894	0.0908686805914471	0.142131507261586	0.459289230328195
TCGA.29.1710.01	0.311696648165414	0.5551972494435079	0.0	0.30937889165007	0.0545426726053491	0.0	1.05355673592903
TCGA.29.1711.01	0.122876326172174	0.0926275312796587	0.078835545892948	0.29629408422231296	0.157717338220228	0.282192211396559	0.39634593597687295
TCGA.29.1761.01	0.138089962518046	0.0826323928602326	0.0187610355647539	0.209923423534352	0.10733241016257199	0.0221111458369626	0.558941540139048
TCGA.29.1762.01	0.0678286598463512	0.068474915639203	0.14117965054786902	0.0545556036073156	0.0334678612815749	0.0618417278203018	0.288500413431591
TCGA.29.1763.01	0.0955956033758019	0.0	0.12431593810713198	0.221174755375143	0.0843618070262159	0.11184175662052401	0.312873028183439
TCGA.29.1770.01	0.058746397254464004	0.0889943880699733	0.0342934865870943	0.20705028913627	0.0972111581242686	0.155469420271206	0.49060098624625104
TCGA.29.1770.02	0.06643919633063901	0.13807845919283	0.24415896990161198	0.0	0.0181968983485125	0.00319913041254927	0.57874600697016
TCGA.29.1776.01	0.0576512235780922	0.24134103512000601	0.0579727338811849	0.189565360661195	0.0619609572613402	0.0	0.42495662801438205
TCGA.29.1778.01	0.110293838982789	0.14654250200966298	0.29603750034594106	0.13999810674037	0.0703005290415548	0.0	0.4077534155781311
TCGA.29.1781.01	0.180813039196654	0.282878931532894	0.18556903755241602	0.189919791030897	0.129592217020681	0.0	0.7064722849043359
TCGA.29.1783.01	0.12143549656629199	0.0804928293827958	0.141580058538566	0.146754444164627	0.0849047314941731	0.133902617234034	0.43403829193116206
TCGA.29.1784.01	0.159674849556211	0.42685252885693603	0.0886856209330393	0.0	0.0621351860715037	0.0	0.645230143452085
TCGA.29.1785.01	0.0965779459706547	0.42053306549808206	0.0632959191357758	0.24851497392854102	0.0592070561636603	0.0	0.596933982458963
TCGA.29.2414.01	0.0471988761343119	0.0	0.0581949795167927	0.365629946892486	0.0202139516003503	0.0888874345299695	0.32829102919428005
TCGA.29.2414.02	0.14967459801584	0.0696473833036422	0.244493926997196	0.22185480847932604	0.0666961028622448	0.0	0.302924848851145
TCGA.29.2425.01	0.0610344963400271	0.045324877605039005	0.0176219589758018	0.212184194471994	0.0463465476750375	0.00606387440494841	0.284058608961914
TCGA.29.2427.01	0.290086382204691	0.8500202784510921	0.0	0.0	0.0	0.0	1.11807691019822
TCGA.29.2428.01	0.11744403508036601	0.0658965436330924	0.302298444633261	0.0318208505507521	0.0753872758855269	0.0	0.4619100705551811
TCGA.29.A5NZ.01	0.0326013567720752	0.0	0.0	0.559793045179824	0.0445104135160493	0.414945635687387	0.113067055371392
TCGA.30.1718.01	0.166822777241379	0.251877588943544	0.0524792805773301	0.252211330677664	0.10706252895125098	0.0	0.553671992839667
TCGA.30.1855.01	0.13550598328649302	0.185446040365487	0.284509923424676	0.061101558386565	0.113494957485524	0.10364734624335699	0.48110759047928103
TCGA.30.1857.01	0.124668841027062	0.223356489144161	0.0750296141257261	0.255792698046691	0.0440909075571436	0.020798545951319	0.838136028448587
TCGA.30.1860.01	0.209468642027908	0.36017073953268797	0.0179579012682055	0.363941974240059	0.14682101435616	0.0	0.5792626816904449
TCGA.30.1861.01	0.0827317533894677	0.0988689150996939	0.0	0.38288543804315	0.0224321852073651	0.27510130558630397	0.20708954840879998
TCGA.30.1862.01	0.10386692887739801	0.13623880735719301	0.0259803878334125	0.43466258827643794	0.0576098858562555	0.10980510580609801	0.265662534417573
TCGA.30.1891.01	0.12807652409319198	0.0	0.176189167490606	0.478537401839622	0.112219331368828	0.0	0.5944692810030601
TCGA.31.1944.01	0.136100761186679	0.108858472760081	0.17960359622416802	0.161202807126778	0.118947244152497	0.0580075887712811	0.496355498485606
TCGA.31.1946.01	0.169152174769555	0.188524220916935	0.0	0.24090084518532898	0.0900829030169188	0.0	0.8623144792864691
TCGA.31.1951.01	0.11196817905790898	0.0	0.0866238853000776	0.48892030969503797	0.149824126112039	0.152095567568265	0.520669795855072
TCGA.31.1953.01	0.168323688974648	0.255966802221603	0.0	0.47534092633680397	0.170992618009323	0.0	0.947464927010763
TCGA.31.1956.01	0.24576093820874698	0.0856246943657566	0.169167589419371	0.48590086074346506	0.38152983129846996	0.0	0.962121494018584
TCGA.31.1959.01	0.227924559809147	0.0	0.032675622009943	0.5098882337117371	0.21432976539315302	0.23989524476988897	0.45007975858935495
TCGA.36.1568.01	0.0935719059023287	0.34309773777463803	0.21602686925866396	0.03697062716783701	0.0500745829283205	0.0	0.553278175411553
TCGA.36.1569.01	0.19316145683348	0.0	0.128143953504885	0.51679611832944	0.12612027711885002	0.24367146465551198	0.341091854098588
TCGA.36.1570.01	0.0476916257280437	0.17100296230177403	0.0934094927309995	0.214155600964735	0.0465054102309259	0.00738862966648735	0.381869948518834
TCGA.36.1571.01	0.0349886524640863	0.33169344998398403	0.244989161206844	0.0	0.0562830239536879	0.0357713788392118	0.27859336395533196
TCGA.36.1574.01	0.0676045754009177	0.132261423887194	0.113863149369896	0.27540327934721304	0.19811439348106197	0.0009135954740851301	0.509719130680858
TCGA.36.1575.01	0.0258887164645988	0.18450414313222305	0.0541257355106162	0.12937077398014502	0.0529274621312908	0.0478697879855589	0.115908879276633
TCGA.36.1576.01	0.265219649942059	0.13617604651500198	0.0368530103489554	0.40287071080267994	0.0990600240265845	0.252158109665042	0.56673462305368
TCGA.36.1577.01	0.10355779297518	0.0915745117299689	0.0102516841407789	0.307637372316992	0.0801453781653734	0.0341211321934123	0.3693623019681021
TCGA.36.1578.01	0.0895173663587279	0.47006487051904106	0.0659648768518882	0.21860036721308998	0.229518427402302	0.0	0.44152893438804797
TCGA.36.1580.01	0.15122252526839	0.23195010822878398	0.0874598528905381	0.277088483575549	0.106858743028253	0.0541934765499409	0.6383767267562409
TCGA.36.1581.01	0.19495238585378	0.230261711950459	0.0863999574176462	0.368889516010627	0.24520173958763603	0.0	0.542862685281656
TCGA.3P.A9WA.01	0.0767658859551187	0.115111888082507	0.225504975424624	0.0	0.0628364583002111	0.0	0.32102542219989805
TCGA.57.1582.01	0.078132454921112	0.154816597327235	0.0533779567050079	0.28371176583763696	0.0384146751281933	0.0810994856165679	0.268943977555176
TCGA.57.1583.01	0.0199933118369598	0.192707601343816	0.0401800079775471	0.208823877899926	0.0816948382934279	0.0	0.21665551216590803
TCGA.57.1584.01	0.084977140411361	0.513299381995879	0.0	0.08578633656581501	0.0	0.0	0.568959481043993
TCGA.57.1585.01	0.160712922203324	0.0	0.0	0.531361158905376	0.160430570606167	0.31353281773175606	0.32383495916975896
TCGA.57.1993.01	0.0461623500042855	0.0592118504790362	0.0605551173378206	0.250276871821624	0.11135338142636599	0.12400069639696401	0.39060943019243205
TCGA.57.1994.01	0.14566989527991503	0.0737045877650147	0.31216561731562203	0.345045265195731	0.12844939869921002	0.11727060673848	0.325984602846336
TCGA.59.2348.01	0.160368187306793	0.161129367191591	0.110615872758753	0.24616666905136303	0.0613528378196397	0.17609168647926998	0.375943216067677
TCGA.59.2350.01	0.17719382904937497	0.18475048585294102	0.0760273168177246	0.20707058150629604	0.072151618846772	0.0	0.45555832694348
TCGA.59.2351.01	0.24905811553707302	0.274119805967238	0.154995536651998	0.0661232406420499	0.0776663881626208	0.0	0.568231024174598
TCGA.59.2352.01	0.124038099115378	0.12530527196837102	0.159309586195855	0.230622125307363	0.203898068828277	0.0285867377436898	0.41542725232302397
TCGA.59.2354.01	0.181476160428926	0.10356379601327499	0.0	0.513770629164274	0.152736370475365	0.167406125010087	0.522323888846947
TCGA.59.2355.01	0.100392164166923	0.22766452176021804	0.16277835724309697	0.255074398292768	0.0619431475229505	0.11280863776147099	0.390779085389029
TCGA.59.2363.01	0.0707535155071006	0.0	0.24995417169547698	0.27931072447289	0.0818849953738875	0.0	0.305168533755864
TCGA.59.A5PD.01	0.174489345924953	0.17188057279124	0.214172315496305	0.0186972610764416	0.0469300115896722	0.0	0.321258312648655
TCGA.5X.AA5U.01	0.0116465384656883	0.115270958495629	0.00477354208400121	0.25446924126243303	0.0258864480937433	0.20449963425929102	0.0466330675018036
TCGA.61.1721.01	0.0557718264713908	0.0	0.0	0.325370058918887	0.0838730203737545	0.8932471938416942	0.0148839448835635
TCGA.61.1724.01	0.0902752670873841	0.272270939270735	0.22410830483095198	0.21744059541069	0.0390908431729713	0.0966318775955357	0.37926994541333103
TCGA.61.1725.01	0.10567449035536901	0.24874704068117898	0.22245023095836497	0.12723126530621498	0.0088216089807074	0.0	0.518951676494943
TCGA.61.1728.01	0.0581428201596855	0.11954035254347999	0.201961161533149	0.0	0.0167373494690758	0.0	0.462141369965636
TCGA.61.1733.01	0.0599604105397378	0.0470903765508609	0.0629962251961232	0.242258140727057	0.0535142687120266	0.192357119948483	0.247787109133439
TCGA.61.1736.01	0.0781675044047941	0.0974140301155362	0.0	0.44815435383705293	0.2030871918782	0.0	0.482640599445032
TCGA.61.1737.01	0.0924363779480293	0.143901589346673	0.155829968435388	0.23107469161833102	0.11416509967136301	0.19832841073974397	0.36320292327326
TCGA.61.1738.01	0.0666923588746409	0.149444878540787	0.0	0.0582645706649947	0.128520317797024	0.0554104496095228	0.767775049448386
TCGA.61.1740.01	0.224144914348757	0.35177053817049103	0.13945905634921998	0.0	0.120622584057	0.0	0.663222862490577
TCGA.61.1741.01	0.0760553103072761	0.0381869821767732	0.0841122501765603	0.33197466777793894	0.101791190379126	0.018681940795359	0.36488434104476103
TCGA.61.1743.01	0.0410511852132449	0.075741504237165	0.13904068416997198	0.0528257619881432	0.10208361640445199	0.0840814316304669	0.21220033505431696
TCGA.61.1900.01	0.0410737074761775	0.0610503010982351	0.0650012410921263	0.1765134184181	0.0559384000701336	0.140863198283262	0.16786960638224802
TCGA.61.1907.01	0.11859322944118099	0.199083986375525	0.215231916057508	0.240121097797707	0.19051407895426803	0.0	0.34738327029742605
TCGA.61.1910.01	0.0437202268786288	0.116608833135772	0.130646259002937	0.0749968141921013	0.0841504612408009	0.0	0.233456063310357
TCGA.61.1914.01	0.13463765064382802	0.224459440638287	0.0962983922152639	0.12910269980232303	0.05142616117184299	0.0	0.549267830744666
TCGA.61.1917.01	0.0724386316644069	0.0858356287071457	0.220652679487404	0.0	0.0675829589977964	0.11364910398098299	0.590656645779778
TCGA.61.1918.01	0.067826664844965	0.26734124731159303	0.15847095713254	0.0	0.0675433595106955	0.0025666498016518303	0.500602881078323
TCGA.61.1919.01	0.166922798021149	0.0891069431375584	0.194544976175281	0.0690882048450405	0.17769287708671802	0.150655898223746	0.519431246625748
TCGA.61.1995.01	0.125939034793491	0.0	0.329411890227833	0.19241944897884	0.104130642971631	0.0	0.517249307649447
TCGA.61.1998.01	0.125245349603224	0.00230481002013195	0.133043695158752	0.10766254282711599	0.142335149672447	0.12215463837464999	0.46082257553716793
TCGA.61.2000.01	0.0517264559991197	0.304064072323104	0.163908447835618	0.208708029172069	0.178572438830908	0.0	0.38839207482114396
TCGA.61.2002.01	0.162972405734758	0.294081015345984	0.24333317038193603	0.0597149274298105	0.15131611747820098	0.0	0.7256921851352071
TCGA.61.2003.01	0.195888316409335	0.0212993755219481	0.0886229848338301	0.29822804391478	0.133301592096178	0.302433979652778	0.597074418908271
TCGA.61.2008.01	0.0655416539042701	0.0487913764050163	0.17411435260123498	0.11107377120303301	0.0741869692825515	0.0587445043612957	0.41747727142005
TCGA.61.2008.02	0.16529658083959398	0.0974448996287745	0.230028730639108	0.22670907619231698	0.101217345615441	0.0	0.409795267422388
TCGA.61.2009.01	0.124072569906396	0.0687082598751395	0.0983886655802598	0.18805628735325303	0.0880963298864578	0.111701452885481	0.505087242519294
TCGA.61.2012.01	0.273184641304422	0.0	0.186497008659775	0.221536068607487	0.32487116531746396	0.0	0.558929649328566
TCGA.61.2016.01	0.0607457481998346	0.22440136740888503	0.11938996447814	0.207865253843927	0.0312545799622633	0.00785911639344957	0.686456091013272
TCGA.61.2088.01	0.0362365137460978	0.0	0.197029214825454	0.18803243123602398	0.0	0.0415063682493394	0.22928545001512
TCGA.61.2092.01	0.0346980041917595	0.11023436140574001	0.19496235846885	0.0597414974353616	0.0288020031304121	0.0	0.326272814350391
TCGA.61.2094.01	0.42094358664280696	0.0960106210989108	0.51952814997753	0.35836894132071206	0.315174436883787	0.0	0.57489759083099
TCGA.61.2095.01	0.203955308632745	0.0	0.009545612588911491	0.495020408847344	0.22333943578316398	0.0736379613197949	0.6188802033826469
TCGA.61.2097.01	0.12245313139191902	0.0513136050599963	0.0572713925442652	0.319154056886631	0.24289985665143804	0.0459710135058406	0.436307813570214
TCGA.61.2098.01	0.0404461729149227	0.0544241052735281	0.0	0.211515213752611	0.0410062970019019	0.12098936592488099	0.191851438017474
TCGA.61.2101.01	0.0475088398776225	0.110773917567196	0.0904451640328842	0.102310755091359	0.0	0.29057478581935803	0.31093065969002504
TCGA.61.2102.01	0.0830359958159696	0.0569987828819142	0.0209178674032588	0.35422582190970503	0.0731351555509627	0.302092562798166	0.14928004250509
TCGA.61.2104.01	0.120149444379112	0.0990329604799561	0.257401488455547	0.0455764987274509	0.22317564635358103	0.0029264224312190003	0.42171699582325506
TCGA.61.2109.01	0.0697859622054235	0.271608888918841	0.0839468326738044	0.258946103605922	0.114273361254348	0.0	0.45459921706982104
TCGA.61.2110.01	0.052936102372859	0.0	0.291388171478909	0.272633335452991	0.0378484313540636	0.0	0.31213213467084305
TCGA.61.2111.01	0.10460012964381801	0.211566289896918	0.209035153251133	0.210620404481492	0.0707871993065978	0.0591768091034103	0.36714955644540004
TCGA.61.2113.01	0.18724539336571	0.0	0.0	0.4512814631496961	0.261744053402591	0.0275470739355199	0.49331756561266293
TCGA.OY.A56P.01	0.0054534839935535895	0.005096164926420571	0.0938070670939727	0.245972285540845	0.0361364436008986	0.205095886793436	0.0471803470107806
TCGA.VG.A8LO.01	0.034111756452794004	0.20543703369025498	0.0	0.355004374282251	0.0558693478514646	0.0563453052406896	0.32936262300547303
TCGA.WR.A838.01	0.0026953869762475604	0.124662269533589	0.0847612735548614	0.19807908566907603	0.052128086077384	0.0	0.135665546770082
