	LeukocyteMeth_score	B cells naive	B cells memory	Plasma cells	T cells CD8	T cells CD4 naive	T cells CD4 memory resting	T cells CD4 memory activated	T cells follicular helper	T cells regulatory (Tregs)	T cells gamma delta	NK cells resting	NK cells activated	Monocytes	Macrophages M0	Macrophages M1	Macrophages M2	Dendritic cells resting	Dendritic cells activated	Mast cells resting	Mast cells activated	Eosinophils	Neutrophils
TCGA.04.1348.01	0.150948736257642	0.000795188998287116	0.000830412516491547	0.0	0.0258683731192545	0.0	0.0380028073370469	0.0	0.0435193845276963	0.0268319007005834	0.0	0.0062645584710654	0.0113722156916697	0.00515562470188919	0.10498342829923801	0.0242371099526439	0.0621975255194042	0.0	0.0	0.0	0.0142336381640964	0.0	0.0
TCGA.04.1357.01	0.26794368108652	0.015474450784067	0.0	0.0	0.0831006764290529	0.0	0.12094010353580302	0.0	0.0535918949440678	0.0528996991112674	0.0	0.0	0.0128578361450129	0.0064483879156899	0.0576225857650231	0.0623433662850863	0.124706843019138	0.0010350949815057	0.0	0.0146002524902563	0.0	0.0	0.0
TCGA.04.1362.01	0.0840705134191117	0.00868444143817503	0.0	5.75131102722511e-05	0.0	0.0	0.0499750612340307	0.0	0.0105177683513884	0.0	0.0	0.000664066230734162	0.0110741441963555	0.0164858589295236	0.0	0.00450223964258031	0.0587449280346917	0.0	0.0175178414496845	0.0	0.00199806744229925	0.0	0.0
TCGA.04.1364.01	0.0334651133520436	0.0180397232910273	0.0	0.00102301296478513	0.0	0.0	0.00429713365925115	0.0	0.0016513013673037	0.00284000266245691	0.0	0.0	0.0	0.0	0.017076282720068	0.0	0.00559646810118955	0.0	0.0	4.5521758801250796e-05	0.0	0.0	0.0
TCGA.04.1365.01	0.14147110021652498	0.00174726634760484	0.000229028130152206	0.0	0.0	0.0	0.0723253067275672	0.0	0.0489442297604283	0.0200261422464605	0.0	0.0144091464222586	0.000698127678580354	0.0038112251046222897	0.0805488401349335	0.0546990404213134	0.0349427696542318	0.0	0.0	0.00267627237310117	0.0	0.0	0.000605261003813901
TCGA.04.1514.01	0.0377776599134639	0.0	0.0	0.0	0.0	0.0	0.0185805298140133	0.0	0.0164392409952382	0.00583691050965051	0.0	0.0	0.0015713911743759099	0.0071426068697763795	0.0137868546270354	0.0	0.0	0.0	0.0	0.0	0.0	0.00324175826854785	0.0
TCGA.04.1519.01	0.0203532219944987	0.00428225443102088	0.0	0.0	0.000276034476395442	0.0	0.0200630830843251	0.0	0.0029268896062187603	0.0045708149938849104	0.0	0.0	0.0009587993135129699	0.00307307719788546	0.00861200096830908	0.0	0.0028326316845158303	0.0	0.00544053158117106	0.0117160634659677	0.0	0.0	0.0
TCGA.09.0364.01	0.0555369859994129	0.00917280029865338	0.0	0.000382072617833516	0.00126546651572537	0.0	0.0067330608294971	0.0	0.00970595835385353	0.0	0.0	0.0	0.00431243254762586	0.0035396537079073896	0.0039781957179168	0.0	0.000520511378464437	0.0	0.0	0.0031477578350711	0.0	0.0014155793776336099	0.0
TCGA.09.0366.01	0.27303013571808105	0.0	0.00374339116807679	0.0	0.0	0.0	0.0593088232925331	0.0	0.0154800665027719	0.00723991078296063	0.0	0.006528218375068321	0.01726464680473	0.0429354752762231	0.0	0.0	0.15942529462026098	0.0	0.0024187054894960003	0.0	0.0116106891026311	0.0	0.00438625568287886
TCGA.09.0367.01	0.0758041481906226	0.00348601232018599	0.0011624428067001599	0.0	0.0110353381940466	0.0	0.0308742559733155	0.0	0.0039216864164769	0.0268779992758218	0.0	0.00247049295059697	0.00895125899559873	0.0017640537932498397	0.0243329912237093	0.0186382881784371	0.05413627248211799	0.00491141347958045	0.0	0.0	0.00339919421904336	0.0	4.86916012290722e-05
TCGA.09.0369.01	0.101152951405166	0.00259100163363329	0.0	0.000330960457776306	0.0	0.0	0.018846287638308996	0.0	0.000881746936031299	0.0019683433331941103	0.0	0.00743023954308738	0.0	0.0	0.0437158775364448	0.00243774578331566	0.0513349899029246	0.0	0.0	0.00282799719867515	0.0	0.0	0.0
TCGA.09.1659.01	0.0593200844921141	0.0021994577537001302	0.0	0.000856306159854687	0.017287643789647	0.0	0.0211275062640008	0.0	0.00467315866269698	0.013999974399159	0.0	0.0	0.0133058454658896	0.0094370528205559	0.0651542623981034	0.000379431401761355	0.0742594249212663	0.0	0.0187633064123728	0.003194424924245	0.0	0.0	0.0
TCGA.09.1662.01	0.13973843903891	0.0	0.00130931115074434	0.0	0.0135984025787923	0.0	0.0489588946409142	0.0	0.00595423438012252	0.0231578597451359	0.0	0.00414825021772323	0.0143769841871997	0.0250391812636257	0.0897515229169298	0.00752892481901797	0.0562989963212325	0.0	0.0	0.0015252214833368699	0.0	0.0	0.0
TCGA.09.1666.01	0.0849440909039758	0.0246438069203212	0.0	0.000894961460832547	0.0223033115479266	0.0	0.0341177142714656	0.0	0.0210045357076264	0.0106192761482811	0.0	0.00956144931271832	0.0	0.0	0.0304464103818105	0.0400198489119616	0.0751829417913759	0.0	0.0111049118451249	0.0058046565379074894	0.0	0.0	0.0
TCGA.09.1667.01	0.11127309420099002	0.0149679878562987	0.0	0.000657486954461785	0.00963671294521337	0.0	0.0801035961815462	0.0	0.0365505461595924	0.0155192987635786	0.0	0.0142453357598015	0.0130496559133487	0.0072893367681569204	0.0780681244726389	0.0562278438900115	0.0488282386869504	0.0	0.0	0.00638214506055969	0.0	0.0	0.0
TCGA.09.1668.01	0.141491751220325	0.0330682514416527	0.0	0.0024743572493356896	0.0	0.0	0.0791782701697523	0.0050890904910709705	0.0344059599586645	0.0175490035783859	0.0	0.0114725190140074	0.0	0.0	0.0888095605503133	0.0507438352678826	0.0375546570261561	0.0	0.017755952465807	0.000297356666640254	0.0	0.0	0.0
TCGA.09.1669.01	0.0825202795838479	0.0288963525131557	0.0	0.0103057973131527	0.0408842801693376	0.0	0.0546018188386158	0.0	0.0360008643903312	0.0245468801617434	0.0	0.0018957931392954	0.0	0.0062037810435206	0.0326700103464252	0.0237046871068336	0.0612632238029767	0.0	0.0	0.0	0.0006047038104002071	0.0	0.0
TCGA.09.1670.01	0.111348083064122	0.0	0.000554224141510233	0.0	0.0114222254046744	0.0	0.03633002350340599	0.0	0.00778830443268565	0.0065877630410124104	0.0	0.00118859701422294	0.0025276718948253197	0.008286900265283321	0.00542709410275855	0.007673278086809779	0.0705204721738005	0.0	0.0	0.0308227275214206	0.0	0.0	0.0
TCGA.09.1673.01	0.0456094771497273	0.0	0.0008223511179529321	0.0	0.0101116756991935	0.0	0.0581952556812974	0.0	0.0176724312901004	0.0017175478319044401	0.0	0.0	0.00471101925192529	0.0114408970340553	0.0186983416850097	0.0032784951126941697	0.0036261873869937603	1.45227601603625e-05	0.0	0.0173003943503689	0.0	0.000756726353535733	0.0011194366683640099
TCGA.09.1674.01	0.0387961014989242	0.0151529180911318	0.0	0.000175888014297804	0.0	0.00401090783054253	0.00440875310497993	0.0	0.0245360463460916	0.00570820110753019	0.0	0.0	0.0029701533482937	0.00485513510142905	0.0363905657115569	0.0	0.0	0.0	0.0	0.0	0.0	0.00196097251440997	0.0
TCGA.09.2044.01	0.136226438968971	0.00293514948359451	0.0032337281454446	0.0	0.0157051576630101	0.0	0.045255600700364995	0.0	0.0152176094452265	0.0226732383509877	0.0	0.0	0.0174188437458203	0.00930393236196278	0.0215640696893994	0.0166363510427674	0.104214861412415	0.0	0.0	0.0	0.0	0.0	0.00121157196280255
TCGA.09.2045.01	0.0785829786654475	0.00799306254779191	0.0	0.0	0.0039719939188729205	0.0	0.0186283768482543	0.0	0.0119280529168595	0.00973224730430164	0.0	0.0	0.00536385363511453	0.00628604518134016	0.0	0.000946657086647076	0.0484269633005892	0.0	0.0242000928136501	0.00204545642060529	0.0	0.0	0.00045027370506825097
TCGA.09.2048.01	0.0785481583050441	0.000169112649870912	0.0	0.0	0.0	0.0	0.0360124081556466	0.0	0.00319979340030792	0.0163582810749117	0.0	0.00962865620250163	0.0	0.0073945154551838905	0.0171134450589296	0.00060294182420953	0.00799749178641307	2.62344419821788e-05	0.0	0.0179609069540186	0.0	0.00183029680107408	0.0
TCGA.09.2051.01	0.130182408150839	0.0278762997419859	0.0	0.00192772739847383	0.00256925928847649	0.0	0.0337832321534569	0.0	0.033190554393744	0.0	0.0	0.0074738135938882296	0.0114686528030978	0.0067882463942365205	0.0	0.0046955051130066795	0.0843029366181765	0.0	0.0517746214126063	0.0107068728428137	0.0	0.0	0.00297984206249772
TCGA.09.2054.01	0.0814079756005146	0.0161427083993865	0.0	0.00414070704744051	0.0110030921924065	0.0	0.0139199281736593	0.0	0.026603327383108	1.5376449129118302e-05	0.0	0.00608398795475693	0.00398507268884811	0.0101214884626797	0.0268005168917794	0.0125444236393224	0.0489482797159576	0.0	0.0	0.00175583912746156	0.0	0.0	0.0
TCGA.09.2056.01	0.0840428888121641	3.08088445961325e-05	0.0030208844530365602	0.0	0.0208859792499055	0.0	0.0565150725891852	0.0	0.0140760870046514	0.0293397895400787	0.0	0.0	0.00210281673127881	0.00759417034981802	0.0187628749349698	0.0231526610241486	0.0469382030663772	0.000255875136403383	0.0026493611451028	0.0	0.0284175438681106	0.0	0.00162007668908438
TCGA.10.0928.01	0.0398287434991948	0.0188021869914881	0.0	0.0	0.0	0.0	0.0166683939874866	0.0	0.00787083531813337	0.00717482614566109	0.0	0.0	0.0100293542439808	0.00169732828687455	0.0158969618768526	1.2503377410729901e-05	0.0160578810537965	0.0	0.00848998431808776	0.0	0.0	0.0	0.0
TCGA.10.0936.01	0.0790983933153803	0.0170414117980794	0.0	0.0147900460485577	0.0287725307862431	0.0	0.0306967219254221	0.0	0.0400777564105834	0.0206296755972336	0.0	0.0164644391428637	0.0	0.00485795021429946	0.0	0.0193631894697839	0.0397668193188347	0.0	0.0184445147473947	0.0	0.0014990039879255802	0.0	0.0
TCGA.13.0730.01	0.09696608281345401	0.0136900221823741	0.0	0.00129879208889228	0.0432422987848604	0.0	0.0	0.0	0.0233678611632355	0.00984479020769252	0.0	0.0	0.0120133913895092	0.00274235515467408	0.0504593028038939	0.00302345543247045	0.054601239018278	0.0	0.0117662969973615	0.0	0.0	0.0	0.0
TCGA.13.0799.01	0.0709284434743637	0.0	0.00107496434006506	0.00449966469615454	0.0	0.0	0.0140154857307584	0.0	0.0294850199004423	0.0115540834226537	0.0	0.00103444686375572	0.00900830643692613	0.00254394384993992	0.0154648088016923	0.00961958646449822	0.0015962954948442198	0.0	0.0232640066625757	0.0	0.0052785113698005	0.0	0.0
TCGA.13.0800.01	0.0558024311841011	0.0	0.0015751900859983401	0.0	0.0	0.0	0.0120413336259113	0.0	0.0192514010650826	0.0	0.0	0.0	0.00112340153390281	0.0050316396166840294	0.00933700245260574	0.0	2.3785077629494396e-05	0.0	0.0	0.0162071151859335	0.0	0.00101307287838265	0.0
TCGA.13.0801.01	0.115757296721003	0.0	0.0286039156986774	0.0	0.007900163953011859	0.0	0.0	0.0	0.0143578087084852	0.0146376600936958	0.00743201896908775	0.0	0.00580095199629444	0.0	0.10951338570077801	0.018652127580858	0.13306107004079198	0.0	0.0	0.00987269180914986	0.0	0.0	0.0
TCGA.13.0890.01	0.190907623110811	0.0280870958820463	0.0	0.00190645633835332	0.0260693409855562	0.0	0.0621609862254795	0.0	0.0169668276418419	0.0252301025961737	0.0	0.00637679428429182	0.00482388305660788	0.00798382968911645	0.015060552426312998	0.032225209591435	0.0776275090560705	0.0	0.0	3.13076111302047e-05	0.0	0.0	0.0
TCGA.13.0893.01	0.10888707715807902	0.0	0.0	0.00146371359294959	0.0035353505536890296	0.0	0.0552875304612332	0.0	0.0102377575459764	0.0234656947311879	0.0	0.0079490086293766	0.00550813918106581	0.00177611730271205	0.0259183651902425	0.024128903694762	0.00713624158161181	0.0007409683114249701	0.0	0.0229415403423486	0.0	0.0	0.0
TCGA.13.0897.01	0.10489111649253899	0.00267032140037445	0.0	0.0	0.0186753069032824	0.0	0.0379805318994148	0.0	0.0139323818424774	0.0166347460360776	0.0	0.00671639133582519	0.00369497525977754	0.00156210995981529	0.004474152050842829	0.0292984173086945	0.0526833890397774	0.0	0.0019884574839347303	0.00335549791343934	0.0	0.0	0.0
TCGA.13.0899.01	0.11097360315765599	0.0	0.0038325377689206797	0.00312834365547968	0.0100527451457977	0.0	0.0124991220217732	0.0	0.0238287035465311	0.0111966521498462	0.0	0.0	0.0106056984311899	0.00317174120372947	0.0566863053515457	0.00731343797172577	0.0332190011569719	0.0	0.0	0.0	0.0140436523534418	0.0	0.0
TCGA.13.0913.01	0.0676753217508198	0.0	0.00196142231847602	0.0046261676127069395	0.0	0.0	0.0186082050915535	0.0	0.0161549920706161	0.0126948462409569	0.0	0.0	0.005535847962523439	0.0057069107872359205	0.0142010060642409	0.00226375888458413	0.0131697329535862	0.0	0.00961679278029046	0.0169265001144372	0.0	0.0	0.0
TCGA.13.0916.01	0.0745608907688575	0.0197049284172517	0.0	0.0007043362421173691	0.0184717187463596	0.0	0.0211685444300324	0.0	0.0342073481806618	0.0139440824325762	0.0	0.0	0.00404666580797277	0.0	0.0575317882985828	0.0437429623386734	0.0365590317013823	0.0	0.0	0.00541198492427813	0.0	0.0	0.0
TCGA.13.0920.01	0.10878752568170098	0.0159369775205946	0.0	0.00616247756806044	0.0201660732854621	0.0	0.0306642737331628	0.0	0.0176715244933398	0.0	0.0	0.0	0.00598060094314472	0.00330292893962603	0.0	0.0179512274910792	0.0195414793051496	0.0	0.0110968414900295	0.00260805406390405	0.0	0.0	0.0
TCGA.13.0924.01	0.223850842787692	0.0228965575387944	0.0	0.0	0.0689333309496557	0.0	0.039273566874548	0.0	0.0299824343421124	0.0354131454133322	0.0	0.00326083684223703	0.0131791771338569	0.0183415716251918	0.0235804574582048	0.0302475953867701	0.09475759825040199	0.0	0.0	0.0	0.0222062902792291	0.0	0.0
TCGA.13.1403.01	0.0516879703602499	0.0	0.000826238713042821	0.0	0.0	0.0	0.0484025618251549	0.0	0.0152223600055269	0.00723099549359559	0.0	0.00224700817935771	0.00754256823788005	0.00516182301106343	0.00299527915920208	0.0	0.00634067382262109	0.0	0.0195862612488002	0.0021034947865290103	0.0	0.000353125284457766	0.0
TCGA.13.1405.01	0.174571515400738	0.0231327013689548	0.0	0.00706680652488662	0.0406477141362283	0.0	0.0513337513593321	0.0	0.005589875649940621	0.0166416282529182	0.0	0.00788862337587407	0.00258546637733406	0.0118781008270336	0.0	0.0252521925907882	0.0566326110393261	0.0	0.0	0.000992746061543272	0.0	0.0	0.0
TCGA.13.1410.01	0.0686202703432861	0.0139344171210606	0.0	0.0119867744258216	0.007411083134772409	0.0	0.030505906992303	0.0	0.0181274241118695	0.00978664006382435	0.0	0.0106162946022802	0.0	0.00278412437919788	0.0131076166060163	0.0305665421772885	0.0481084821173718	0.0	0.0112616329862643	0.0	0.0	0.0	0.0
TCGA.13.1411.01	0.373255563796694	0.00034086195779356096	0.00313391601861588	0.0	0.0140595837976423	0.0	0.0593273013463162	0.0	0.00976282622604163	0.0149539544521595	0.0	0.0132632511112791	0.00932852523920925	0.0	0.18297123391813602	0.031616911055425	0.16419510816538	0.0	0.0	0.0	0.0	0.0	0.00994959247813711
TCGA.13.1481.01	0.189820971844638	0.0	0.0059384444731844606	0.0203059745327739	0.0118664706917777	0.0	0.0393259428392249	0.0	0.0256200206045123	0.0161933578716493	0.0	0.0	0.0154278210342496	0.0125766350220553	0.0520477281353154	0.008038477449195459	0.0256200931800763	0.0	0.0	0.00809891044538788	0.0	0.00903600941340255	0.0
TCGA.13.1489.02	0.278698251294038	0.0	0.00620821708565268	0.0	0.0331984337975898	0.0	0.0277686552451854	0.0	0.0247712831415106	0.0026242958481773	0.0	0.0	0.0173948386597227	0.00403423877461789	0.00519931504296578	0.0213919475395087	0.011985574457182	0.0	0.0508705750085297	0.0	0.0352879684840908	0.0	0.0
TCGA.13.1497.01	0.132178891866528	0.000439365921402298	0.0	0.00602445989335495	0.0154718337603913	0.0	0.0554173331501678	0.0	0.024172456143473	0.000319353202385817	0.0	0.00197352399582321	0.0	0.00961688795260496	0.029048650998405	0.0140528166794613	0.0252468777452817	0.0	0.0174044854488251	0.0052483801561313105	0.0	0.00299151995493027	0.0
TCGA.13.1498.01	0.11475022036308599	0.0	0.00859858508623013	0.0	0.0158779502510913	0.0	0.0468449664617836	0.0	0.0204126461266143	0.0261294759346394	0.0	0.00467519835526254	0.0213669622263358	0.0113264182977571	0.0620036914535865	0.028912433032796	0.0362275793976023	0.0	0.0	0.0	0.0034297669470557	0.0	0.0
TCGA.13.1505.01	0.10167898908817999	0.0128173907009153	0.0	0.0313845199083601	0.0193696384078103	0.0	0.0638497239851605	0.0	0.0407180936323653	0.0	0.0	0.00633409087387004	0.000925262038144886	0.00754230274086649	0.0	0.0184561478114182	0.0473260726631457	0.0	0.00301081856069802	0.0109955992228108	0.0	0.0	0.0
TCGA.13.1506.01	0.0672899917994202	0.0203187492596324	0.0	0.0012381353464379198	0.0	0.0	0.0529366770578006	0.0	0.0133488138586316	0.0026501439070038602	0.00112351287923042	0.0	0.00466845849464515	0.0113226105451793	0.0197047840750313	0.0103750515888972	0.00176115164183148	0.0	0.0160644297384704	0.0	0.00699236349360631	0.00171487094795455	0.0
TCGA.13.1507.01	0.166367497622779	0.0050367634367383795	0.0	0.00620932605897664	0.014259130038642001	0.0	0.0563694136682629	0.0	0.0407877784555162	0.00452421944869286	0.0	0.0	0.0246610521947089	0.00624648844224623	0.0512665406318961	0.0716574297057859	0.0697498884890838	0.0	0.0	0.0204857242357227	0.0	0.0	0.00257713145421396
TCGA.13.1511.01	0.0812559765751946	0.0	0.00705987610733398	0.0	0.00495522313080484	0.0	0.0147271829870358	0.0	0.0036059206418539297	0.0130654223532525	0.0	0.0	0.0165209993822107	0.00266415037660015	0.0201632792848472	0.0	0.0250925214033328	0.0	0.0335580160713727	0.00366985564587039	0.0	0.0	0.0
TCGA.13.1512.01	0.137258422607395	0.0	0.0034676842705721102	0.0	0.0129677612450751	0.0	0.0231748394992651	0.0	0.0108323620987673	0.00881998957988405	0.0	0.00850025840247562	0.000764154080153459	0.0007502154812907441	0.0497926037076834	0.0298536628224628	0.0360659741366759	0.0	0.0	0.000552172513123714	0.0	0.0	0.0
TCGA.13.2060.01	0.22379912944084301	0.0223388670474643	0.0	0.0010492923505864302	0.0265461188197691	0.0	0.0415245394296033	0.0	0.024373690397172004	0.00733644375001511	0.0	0.00128773101706745	0.00380047940890442	0.00459254944697866	0.0	0.054741959802339	0.0757163788466728	0.0	0.000407238785549016	0.0109690752329803	0.0	0.0	0.0
TCGA.13.A5FT.01	0.14621172461050197	0.0150792609844558	0.0	0.00594643940025721	0.0	0.0	0.00807325637895911	0.0	0.0193882895249395	0.0029907850672384	0.0	0.0	0.00650044753505229	0.00285123635301832	0.0121364067616495	0.008045701763526229	0.0130321442144001	0.0	0.0359893093318668	0.000579494277283854	0.0	0.0	0.0
TCGA.20.1682.01	0.15019668288423801	0.0021422063878239	0.00867073717832876	0.0	0.0	0.0	0.111856556592876	0.0	0.0400926999621614	0.000154474265137349	0.0	0.00013838276972671001	0.0096421895202054	0.0151410451277105	0.0374248923206819	0.0230732672699702	0.0384897769778437	0.0	0.0	0.024244315987192	0.0	0.0029219450714493	0.0
TCGA.20.1683.01	0.0704990826614184	0.00792524949625574	0.0	0.0330747591363775	0.00714856278891515	0.0	0.0292980094479312	0.0	0.0192267337086172	0.000975330173192682	0.0	0.00448882374537539	0.00023149567706093902	0.0	0.0315325967525797	0.00377676430078856	0.0209278485923368	0.0	0.000284192709638271	0.00660786220935166	0.0	0.0	0.0
TCGA.20.1684.01	0.0369800736144284	0.0	0.0	0.0	0.007622125186444309	0.0	0.0068666798926330895	0.0	0.00791002168799354	0.00265755117593067	0.0	0.0	0.0021963415363018698	0.0031647475884102	0.0238243896956675	0.0035168111188855398	0.00411835547884904	0.0	0.00127020191658099	0.00916728361105007	0.0	0.0	0.0
TCGA.20.1685.01	0.11943977291439699	0.0	0.0035864231367352603	0.0	0.00156661044643376	0.0	0.0399977714660527	0.0	0.0122258758219252	0.00346031689853662	0.0	0.00692075212463747	0.0	0.0054393413931090396	0.0300976959556523	0.0121674847706176	0.117468248438702	0.00014323749917704098	0.0	0.0	0.00201267751448782	0.0	0.0
TCGA.20.1687.01	0.111734048092018	0.0013252714178926	0.00224769488193292	0.0	0.0137395896920597	0.0	0.04702073278354401	0.0	0.0277953158550417	0.0144417886352603	0.0	0.0	0.00162841814761557	0.0102142368732031	0.0162212401965696	0.00424614070838921	0.0221944154697423	0.0	0.00331680862143502	0.0202275769112857	0.0	0.00132864996894806	0.0
TCGA.23.1026.01	0.149074790341299	0.00153544646136251	0.0	0.0	0.017999194053816	0.0	0.0724557945295934	0.0	0.0186227196426813	0.0179888102150217	0.0	0.00603901935359836	0.0230217679411486	0.0125825777432269	0.0444462056333488	0.0233817236789563	0.0318544574843766	0.0	0.0	0.0184188869950102	0.0	0.0007280086940726191	0.0
TCGA.23.1027.01	0.178988856489213	0.0	0.00117471448264159	0.0	0.0	0.0	0.0234439979539468	0.0	0.0100781390646592	0.011217314267876002	0.0	0.0	0.00375239351727201	0.000958129767384391	0.0719860824415333	0.0013528505430384801	0.0458532635597217	0.0	0.00656017268279514	0.0	0.00610677233824766	0.0	0.0
TCGA.23.1029.01	0.0499276777822767	0.0225901837879252	0.0	0.00684534770948584	0.0	0.0	0.0254887099636768	0.0	0.00253062697502787	0.0008552055820891451	0.0	0.0	0.0124847025331226	0.00531518651170829	0.0037649291844008797	0.00740533721975408	0.0321274700721223	0.0	0.0287451536429477	0.000857386917319029	0.0	0.0	0.000213658240595944
TCGA.23.1109.01	0.0512069719020694	0.0038460218086995603	0.0020229564571790397	0.0	0.0202015686749876	0.0	0.00936895445832964	0.0	0.0282483451612898	0.0163870480392682	0.0	0.00048383050853544296	0.00932627049626617	0.0128251282702918	0.0691125353783756	0.0069851879682526295	0.0818372450965923	0.00251007462930619	0.001557303933673	0.00218845582316627	0.0	0.0	0.0
TCGA.23.1111.01	0.0423176346411896	0.000700065424847111	0.0	0.000203773730860649	0.0	0.0	0.02578093498354	0.0	0.0146602432489316	0.0008321693412643179	0.0	0.0	0.008351206594770991	0.00257446383171755	0.0121970931133117	0.000565054648320546	0.0043105362583111895	0.0	0.0135735495883773	0.00678263994089841	0.0	0.000529623735119454	0.0
TCGA.23.1114.01	0.0686604336395235	0.0089253929126006	0.0	0.0	0.0	0.0	0.0345194724496086	0.0	0.00504779349185636	0.0	0.0	0.00421334566798815	0.0	0.0018700891280676	0.0328955806039974	0.0	0.0124208295559682	0.0	0.0104392718481561	0.0	0.00659486367702583	0.0	0.0
TCGA.23.1120.01	0.06359359133321499	0.00678326202821907	0.0	0.0	0.0271853917437009	0.0	0.0348161645453043	0.0	0.0274569626000029	0.0272812461800583	0.0	0.0	0.0143127373054935	0.0106853332234745	0.0341852821407721	0.052282490892418	0.068915849908935	0.0	0.0	0.0114604608082348	0.0	0.0	0.0
TCGA.23.1122.01	0.0946124613436426	0.0	0.00544606342153993	0.0	0.0	0.0	0.028418427106757006	0.0	0.0205497091737667	0.0254819163724414	0.0	0.00364095803109786	0.007159931621926241	0.0142594383994698	0.0529075460251187	0.0131629006167483	0.0178290763891781	0.000721489637918506	0.0	0.0293836090687685	0.0	0.0062138420420700105	0.0
TCGA.23.1123.01	0.13148439594716999	0.000427175085562426	0.0124108165449091	0.0	0.0221476523506923	0.0	0.0428391710457464	0.0	0.0545930130797768	0.00551654956134821	0.0	0.00698423593173076	0.00524411985870406	0.012691197085714999	0.018760817952806	0.0696126700809549	0.146111165715162	0.0	0.0009372801790820391	0.0	0.00827350998099885	0.0	0.0
TCGA.23.1809.01	0.0431108737860312	0.00118626487418647	3.89325389887695e-06	0.0	0.0	0.0	0.0349052306533612	0.0	0.0140799758768606	0.0080972345483568	0.0	0.0035588683395733	0.0105345921071304	0.0	0.0707918960750432	0.000208312976932789	0.0	0.0	0.0	0.0100923236481331	0.0	0.0	0.000240925737434269
TCGA.23.2077.01	0.106573108171569	0.00049170842772583	0.0009135119788602449	0.0	0.0136670682551419	0.0	0.0242487882865626	0.0	0.0164975750698735	0.0183856966499327	0.0	0.0	0.0059665164099903705	0.00699219068676266	0.0296329284820553	0.0199220277946429	0.0877203475214569	0.0008668811424563259	0.0	0.0403844731926213	0.0	0.0	0.0
TCGA.23.2078.01	0.220661066203066	0.0702376993513882	0.0	0.0	0.0549551880611625	0.0	0.0445880389051035	0.0	0.0429380099103601	0.0250023256046536	0.0	0.017462300199237998	0.0	0.0168823989933025	0.0	0.0505033429355392	0.0727266683973221	0.0	0.0	0.0113581130880087	0.0	0.0	0.0
TCGA.23.2081.01	0.0501188113073435	0.0	0.0	5.4959233756542606e-05	0.0	0.0	0.0283290834452767	0.0	0.0138582774497024	0.00406941076697273	0.0	0.0	0.00751957664254528	0.0018765727958046602	0.0154901868212314	0.0	0.0036945701309626204	0.0	0.0169125537102851	0.0115261928200567	0.0	0.0	0.0
TCGA.23.2084.01	0.0978131088807635	0.0045450216732675	0.0	0.0	0.00341275528758557	0.0	0.0258306776527933	0.0	0.00810305924070619	0.00422534485253157	0.0	0.00502974950895667	0.00286371944289467	0.0223372261249014	0.0	0.00672572270917865	0.0506124029111617	0.0	0.0206726580689077	0.00250234240652862	0.0	0.0	0.0005058696572344191
TCGA.24.0975.01	0.279522851934706	0.0186236838306066	0.0	0.0	0.0155047013833795	0.0	0.06123161932061	0.0	0.0023334063395951	0.0181735168450501	0.0	0.008468578292356409	0.00274330114974283	0.008468970843329541	0.0044488625644587	0.0187534769983742	0.0579878092987349	0.0	0.0	0.00138485070853148	0.0	0.0	0.0
TCGA.24.1103.01	0.039880584555177005	0.0	0.000366757436969583	0.0	0.0098393808808894	0.0	0.000391519365995784	0.0	0.0129251187388067	0.00698964901712708	0.0	0.0	0.00875702764501674	0.00827662046892615	0.021615841911736	0.0058254640396605	0.0	0.0	0.0008797701728338631	0.0208151145518472	0.0	0.0026283605728143603	0.0
TCGA.24.1413.01	0.0718662200637279	0.0	0.00115506796867483	0.0039540753605299	0.0	0.0	0.0240944835329348	0.0	0.0200055514617601	0.0014198600562693	0.0	0.0	0.00817215045970457	0.00600169041288248	0.0335408476477233	0.00744667034213205	0.0110700388205736	0.0	0.037218157850108	0.0153456576813691	0.0	0.0	0.000529084034839409
TCGA.24.1416.01	0.0797648084698524	0.00166842871020641	0.0	0.00448797344516136	0.00367157838660877	0.0	0.0409898896594005	0.0	0.0109170661674454	0.00257509320255763	0.0	0.00244354601737789	0.00808075887740135	0.00617463616925949	0.0	0.001110025212647	0.0648173144942778	0.0	0.0186078693769867	0.0	0.0188403440169149	0.0	0.000238845849194646
TCGA.24.1417.01	0.128061678563849	0.0109287922631277	0.0	0.00269053416761012	0.0233779409607734	0.0	0.0423589234773493	0.0	0.021974530070827	0.0172559460081082	0.0	0.016407433454915	0.00211766336146597	0.00123029722700016	0.07500601701753301	0.0213224010590993	0.0861301038949209	0.0	0.023307355229842	0.011552132238093	0.0	0.0	0.0
TCGA.24.1418.01	0.0975719042313704	0.0219951533394975	0.0	0.0	0.0121671440586596	0.0	0.0550580439821724	0.0	0.0262646862936988	0.0	0.0	0.0	0.00644711192376505	0.0104729101425574	0.0	0.0107996259644716	0.0544122011928438	0.0	0.0118234073746179	0.0118109429214708	0.0	0.0	0.0
TCGA.24.1419.01	0.0578770168520118	0.00607442194864555	0.0	0.0	0.0	0.0	0.007363712023084309	0.0	0.00840251261896825	0.0	0.0	0.0009649980670868061	0.000379073270401174	0.000393018908425647	0.0037114045100766204	0.0	0.0148848687696388	0.0	0.0049189837403099	0.0	0.0	0.0	0.0
TCGA.24.1423.01	0.0638271973889209	0.0	0.000507992813961001	0.0	0.0139695621199366	0.0	0.0188095073424833	0.0	0.0286464238537245	0.0133574047754712	0.0	0.0	0.0150731002709606	0.008971412232159571	0.0363103914996898	0.014650716222793998	0.00583796536465717	9.43922088294412e-06	0.0	0.0301482174903822	0.0	0.000714544444279607	0.0
TCGA.24.1424.01	0.10510680258022999	0.0131932786153731	0.0	0.000696414074344993	0.0	0.0	0.0368424730887894	0.0	0.0235003301464056	0.00292608847749875	0.0	0.0	0.0132377819905567	0.00645923769090432	0.0260895109784594	0.0222390949038923	0.0741443911622205	0.0	0.0	0.00946043508811867	0.0	0.0	0.00284813804638075
TCGA.24.1425.01	0.13863261404029	0.0232411197392359	0.0	0.000518001225085634	0.00569483669292131	0.0	0.0456884124642866	0.0	0.0144435832485422	0.0218034957168625	0.0	0.0151707903027466	0.0	0.0	0.0908822777462476	0.0194544261588858	0.0975382981128526	0.0	0.0	0.00245556243882843	0.0	0.0	0.0
TCGA.24.1427.01	0.18697453314358997	0.0006132246041337	0.0078128965351866	0.0	0.035281434042698	0.0	0.0602727870775617	0.0	0.0253680712051056	0.0192429129575723	0.0	0.00545042017296818	0.0	0.00729056996538829	0.00233504542431028	0.009733385314956721	0.10621785771172801	0.0	0.0011562902118944	0.014391559476946002	0.0	0.0	0.0
TCGA.24.1428.01	0.126413787015656	0.0	0.00779688366039095	0.0	0.0019465509058427801	0.0	0.0400567431381783	0.0	0.009642477588042741	0.0264980765460064	0.0	0.007123852881574941	0.00354330654369222	0.0	0.1765158126126	0.020361836976361	0.0547844722539952	0.0	0.0	0.0	0.00478611675593603	0.0	0.0
TCGA.24.1430.01	0.0654312863891397	0.00113911855244907	0.00010684007866985	0.0	0.0	0.0	0.0307048078047049	0.0	0.00801490361693859	0.00591814532745516	0.0	0.00288830091924109	0.0	0.00298564366883969	0.0168978589029274	0.000901842851497271	0.0159270022354948	0.0	0.0	0.00643567301941969	0.0	0.0	0.000359108874232848
TCGA.24.1434.01	0.21963570221966502	0.0109120853877286	0.0	9.69335439914908e-05	0.0048231455490749	0.0	0.0641488936082772	0.0	0.0068614795537799205	0.00718535935985142	0.0	0.0	0.010031758502451	0.0260795162196594	0.00303059679304874	0.0218705705663334	0.13734535439941098	0.0	0.0	0.0	0.0203939134900016	0.0	0.0
TCGA.24.1435.01	0.11409009632174599	0.0	0.00108223973408272	0.0	0.0165162235549989	0.0	0.0353135087364953	0.0	0.0099949804820032	0.0173581028561396	0.0	0.0	0.0139843748626997	0.00514445525964943	0.0155953776553877	0.0486870204774732	0.100284238455376	0.00019321471880049198	0.00050027831549525	0.0117997026325413	0.0	0.0	0.0
TCGA.24.1436.01	0.130170420035041	0.00619547860667113	0.0	0.000163910627948866	0.0	0.0	0.05554946383762999	0.0	0.0250334129897409	0.00524906891532864	0.0	0.0133598821918471	0.0071079157016318	0.0152042901901581	0.0	0.00406092939835002	0.0680941147392104	0.0	0.0477392845984585	0.0155899054531407	0.0	0.0	0.000631618083027038
TCGA.24.1463.01	0.0980597321781303	0.0	0.00163494023855559	0.0	0.0	0.0	0.0526225938365452	0.0	0.0211805287239508	0.000176526308509992	0.0	0.0	0.0115546433082732	0.0	0.0981453917397021	0.0230623677381587	0.0622122174891176	0.00973322294822055	0.0	0.00360965388403829	0.0	0.0	0.0
TCGA.24.1467.01	0.0932402571895798	0.00392698107573372	0.0	0.0	0.00410676584827058	0.0	0.0231122267868679	0.0	0.0230902758912972	0.0	0.0	0.0	0.00772125985772992	0.007903076155152221	0.0172197343459101	0.0161436823904104	0.0268423116273688	0.0	0.0	0.0127694982303224	0.0	0.0	0.0
TCGA.24.1469.01	0.0664350547912569	0.0128714711556084	0.0	0.00928381929080173	0.00517032348803102	0.0	0.0397169159446351	0.0	0.0112257653876563	0.0135054580313042	0.0	0.00340580093164709	0.00676406983783411	0.0	0.0642694966663106	0.0229127432734216	0.0239261350665142	0.0	0.0	0.00264668323737647	0.0	0.0	0.0
TCGA.24.1474.01	0.0816956501461116	0.0	0.00354609164055802	0.0	0.00631345118551278	0.0	0.0400322626749943	0.0	0.00799550898173836	0.000464866839203946	0.0	0.0	0.0068638816170281105	0.0091214084093392	0.0168126739683616	0.00477429321615112	0.0255924637994312	0.0	0.0	0.0412206478332047	0.0	0.00102903797754551	0.0011133925462205301
TCGA.24.1544.01	0.0383913993993771	0.000342967892150107	0.0	0.0	0.00641894426745984	0.0	0.00694522730088086	0.0	0.0034843191372235	0.011747139076636	0.0	0.0	0.0	0.00348599992108703	0.0321803330700059	0.0007469541525954629	0.0	0.0	0.0018093938709231	0.0179452814829957	0.0	0.00174130978223682	0.0
TCGA.24.1545.01	0.26585313114123	0.038344279575647996	0.0	0.008604977494023341	0.0369854511718986	0.0	0.112064520053977	0.004531339446026779	0.0308155568546168	0.0259130455902782	0.0	0.0187318100178481	0.0	0.0225153609775263	0.0	0.06334456087616999	0.10215592083898199	0.0	0.0021454055610245397	0.0038236236127777	0.0	0.0	0.0
TCGA.24.1546.01	0.15124000017356304	0.0005991391264531241	0.00342951162835594	0.0	0.0	0.0	0.0634827550061043	0.0	0.0074450303626756795	0.0207952863937576	0.0	0.009434516209103891	0.00469491589540034	0.0150832747417808	0.0732773118097545	0.000794772781719866	0.0253524906412276	0.0	2.69037223691195e-05	0.00567243803497185	0.0	0.0020404209761140197	0.0
TCGA.24.1548.01	0.0603082315774311	0.000371249897487902	0.0043212107548678295	0.00272142622963143	0.0	0.0	0.0404379234067523	0.0	0.0175596881019248	0.0	0.0	0.0	0.00859112050191721	0.00571565715773029	0.007617327919989591	0.0197484830162779	0.0267451001345768	0.0	0.00288524438331337	0.00818144878048165	0.0	0.0	0.00032610224954157
TCGA.24.1549.01	0.07467485005390899	0.0029277875597340103	0.0	0.00110935902969309	0.00317637811021679	0.0	0.0391904223288394	0.007358168294781559	0.0321365373230421	0.00574558504452642	0.0	0.0196437204584306	0.0142124939880628	0.00665062171993102	0.0507506223096279	0.0298105218154704	0.0092438667860499	0.000172002769491438	0.0	0.0120083163002016	0.0	0.0	0.0
TCGA.24.1550.01	0.26651437621199897	0.0336233266021881	0.0	0.00389539264517418	0.0	0.0	0.032312161112887004	0.0	0.0154229536248356	0.00527219512771212	0.00392601784696761	0.0	0.00266370714228415	0.0	0.122406633355032	0.0166760161378859	0.11997050838340599	0.0	0.0	0.0007324785113457191	0.0	0.0	0.00224491199577279
TCGA.24.1551.01	0.154057314908923	0.0	0.007062794965304	0.0	0.0219996221580699	0.0	0.0525386970474195	0.0	0.0017833846316390601	0.0451610821588979	0.0	0.00348703487471438	0.0130638533568813	0.0188138493594243	0.0943262106773037	0.0262130432055802	0.0660122868449345	0.0	0.0	0.0113840309445473	0.0	0.0	0.0
TCGA.24.1552.01	0.0290753608296435	0.00843637721612119	0.0	0.000302584207665702	0.0019976867626548397	0.0	0.0132797831999966	0.0	0.0067814555623410796	0.000646743465910463	0.0	0.0	0.00180364384490607	0.00026715530468631	0.00955171706908979	0.00565936378033572	0.0305641379493797	0.0	0.0	0.0	0.00264519841670801	5.5961433553526794e-05	0.0
TCGA.24.1553.01	0.215844979481518	0.0150468339778352	0.0	0.000640806812739057	0.145094156313259	0.0	0.0697291484037066	0.0	0.0495097498650499	0.0490325725335512	0.0	0.0	0.0070787837501887	0.0187450465368779	0.0225013974541732	0.0503101872544809	0.12759228125978803	0.0	0.0	0.0	0.0	0.0	0.0
TCGA.24.1555.01	0.0528633897638047	0.00154036791944045	0.0	0.0	0.0	0.0	0.0293868470461965	0.0	0.00537700234462972	0.0127174454756227	0.0	0.00204664655017305	0.000217391577873051	0.00376543736837262	0.0398188576942049	8.19259675084152e-05	0.0	0.0	0.0	0.00405923901485213	0.0	0.0	0.00114168369771739
TCGA.24.1556.01	0.0820265521592296	0.031236894256038	0.0	0.00259393105265358	0.0233205222016668	0.0	0.0193911890525177	0.0	0.0262383261073106	0.0200943758655461	0.0	0.0126399336391256	0.00527416419366016	0.00956198261684175	0.0416436522666435	0.0329082969051394	0.0742789425585908	0.0	0.0386423406120661	0.00658254593082316	0.0	0.0	0.0
TCGA.24.1557.01	0.0487919420638192	0.0	0.0	0.0	0.0	0.0	0.0326242838508043	0.0	0.0185118215983441	0.00200164470048971	0.0	0.0	0.0128022952005088	0.0066159366237026	0.0210283352095231	0.024496481294026998	0.0351898542058948	0.0	0.0	0.0156083815521915	0.0	0.0	0.0
TCGA.24.1558.01	0.0416808657047346	0.00029342084688716003	0.0008913677124226019	0.0	0.0	0.0	0.0220149541635277	0.0	0.00402355807801136	0.00540680321004573	0.0	0.0	0.0173286882512452	0.0	0.0424385395531826	0.00118653559057239	0.0145172055360639	0.0	0.0	0.00522150465628114	0.0	0.0	0.0
TCGA.24.1560.01	0.0365075432308177	0.0	0.0	0.000258063957718242	0.0	0.0	0.0305735815596477	0.0	0.0199788670138082	0.00694721667190388	0.0	0.00278394445342578	0.0	0.00426109680199312	0.0147348402902819	0.00768109739925593	0.0008359177781927151	0.0	0.0	0.0226624550372008	0.0	0.0014985177783224302	0.0
TCGA.24.1562.01	0.0867537820429565	0.0	0.0081812059401302	0.0	0.0137187174755065	0.0	0.0542698675704125	0.0	0.00031099029925533197	0.0275139754365976	0.0	0.00712794179567795	0.00318190397702377	0.0	0.0783281698282852	0.0101456577816587	0.0447053328370869	0.00241078657891657	0.0	0.0	0.005065269126687679	0.0	0.0
TCGA.24.1563.01	0.066479326964188	0.0	0.00849370855973141	0.0	0.008029887227977671	0.0	0.0716419768420801	0.0	0.009142206195921371	0.0146260001253459	0.0	0.0	0.0257967591792798	0.00484536047056851	0.0351277082445064	0.0104015636810276	0.0778529566081784	0.0	0.008227046405229579	0.0	0.0151678731575481	0.0	0.0062954602049439205
TCGA.24.1564.01	0.277815801274026	0.00125075001019301	0.0017830731301154102	0.0	0.0052755104158208	0.0	0.0368262178542043	0.0	0.0125000505037809	0.007888611317696291	0.0	0.0042571213370259	0.0	0.00315274548784437	0.12428760837591199	0.0229314807157415	0.135589628252696	0.0	0.0	0.004955803812757479	0.0	0.0	0.0
TCGA.24.1567.01	0.0433354991968419	0.0114050443031301	0.0	0.0	0.009894454310018409	0.0	0.00775834090160722	0.0	0.0138969050504063	0.00017890660411110202	0.0	0.0	0.00531947931926499	0.0	0.02044447207602	0.00100751961503777	0.0129741147514568	0.0	0.0	0.00169671455555717	0.0	0.0	0.0
TCGA.24.1603.01	0.0364257921431158	0.0	0.0009173492102898439	0.0	0.0	0.0	0.0572393945591485	0.0	0.00724715280078108	0.0087284154506032	0.0	0.00544991306294324	0.00484209266545502	0.00835859665528329	0.0364289813005684	0.0031545133489744898	0.00375691668774851	0.0	0.0	0.019397253970873003	0.0	0.0	0.0028510999470659996
TCGA.24.1604.01	0.0628233414861617	0.0	0.00652564977996559	0.0023893557647663302	0.0	0.0	0.0489224533211778	0.0	0.0162463335598738	0.0120675784836525	0.0	0.0	0.00533213790745574	0.00619592928751508	0.0	0.0142688793990073	0.0369099673452192	0.0	0.0223082887989202	0.00402135753991208	0.0	0.0	0.0
TCGA.24.1616.01	0.0796340423345891	0.00220762527605533	0.0	0.0	0.00048599451773586905	0.0	0.0228267728538054	0.0	0.00116787578557172	0.00457347852981276	0.0	0.0	0.00917757903645623	0.00171811042877805	0.008120107301585579	0.00563726349664691	0.0176144727210919	0.0	0.00533932612254935	0.0	0.0	0.0	0.0
TCGA.24.1842.01	0.14875974243683898	0.0005183951819939219	0.0	0.00435522104152722	0.0313201480411811	0.0	0.0563737481479687	0.0	0.0152965675435951	0.0184288238183069	0.0	0.0140949061360933	0.0032862556500824697	0.00527035719962636	0.0904012737031645	0.0249369819009117	0.0448217245212775	0.0	0.0	0.00260376495335134	0.0	0.0	0.0
TCGA.24.1843.01	0.11725148096474301	0.0	0.00244726957704685	0.0193953887999053	0.0321471504329798	0.0	0.0464764750068751	0.0	0.0057484640298657895	0.0182875976799908	0.0	0.0	0.00641258533627761	0.00256086675931988	0.135310041909381	0.0136955526043692	0.0680765984202818	0.0	0.0	0.0	0.000545839814760602	0.0	0.0
TCGA.24.1844.01	0.030597000096234	0.0	0.0	0.00031577195111867	0.0	0.0	0.0407905391236128	0.0	0.0029709773790050197	0.008927049930157041	0.0	0.00869607372033027	0.0	0.0076309115215905	0.0168881083471126	0.0	0.0054955897265976895	0.00187192143001501	0.0	0.0243107900997064	0.0	0.000745307711559572	0.0
TCGA.24.1846.01	0.0635957425507962	0.0108960031832079	0.0	0.0	0.00683315145518384	0.0	0.0231310598684161	0.0	0.0101682880244415	0.0181500228860625	0.0	0.00903680054194882	0.00433180261764344	0.0	0.0998743994621598	0.0292698912216148	0.0773262133694909	0.0	0.0	0.00334714707602898	0.0	0.0	0.0
TCGA.24.1847.01	0.287094746481039	0.0302332975133706	0.0	0.00375957630154575	0.0908189761822708	0.0	0.0909189814149881	0.00665877751059166	0.016868836893139998	0.037934689899186004	0.0	0.0219642522018044	0.0	0.0132916704830982	0.0276272311525566	0.0626313483574871	0.0915313622485253	0.0	0.0	0.009211692174301001	0.0	0.0	0.0
TCGA.24.1849.01	0.30629206628216604	0.0256826381413241	0.0	0.0026664951074438603	0.0407809451204201	0.0	0.162537724718884	0.0	0.0442585125818951	0.0181875957985674	0.0	0.0126526118369633	0.0142358463713639	0.06563888790866	0.0202843504452669	0.0517654095312058	0.0865818064361312	0.000450931392175775	0.0	0.0374422729261751	0.0	0.00129113940143432	0.0
TCGA.24.1850.01	0.0948409098286037	0.0261164204231083	0.0	0.0167486242234406	0.0356195927283838	0.0	0.0268979601161822	0.0	0.0240908794902984	0.0133342432897841	0.0	0.0	0.0108349412999693	0.0029011176467633	0.015636107777170002	0.0359291908106343	0.082959951475449	0.0	0.0	0.0	0.0	0.0	0.000962535716436266
TCGA.24.1924.01	0.141138798028178	0.0130553805628422	0.0	0.0	0.0166144979624957	0.0	0.0908276193105874	0.0	0.0555294722340144	0.00531515203746285	0.0	0.0	0.00541546348597724	0.0154116943534716	0.0171631571400297	0.10201895241986	0.11714061029182599	0.0	0.0	0.0101275190507692	0.0	0.000182053103573996	0.0
TCGA.24.1928.01	0.117550746241643	0.00417022548934365	0.0	0.0	0.00263973954766652	0.0	0.0873238973644195	0.0	0.0581579302019101	0.000755774928632688	0.0	0.0	0.0	0.0138931930895503	0.0114301340263132	0.00643104732512484	0.0369103413961228	0.0	0.00339220093830279	0.0102987765214074	0.0	0.000700469363177989	0.0
TCGA.24.1930.01	0.16523744820197198	0.0177207786570818	0.0	0.0130728810270981	0.0182974789056416	0.0	0.0527839744917549	0.0	0.0250328863227629	0.00628934695093443	0.0	0.00991546709972316	0.0002304475786098	0.008073464221242409	0.0248830831373661	0.0244987267213308	0.15883740991435502	0.0	0.0	0.00678908333231961	0.0	0.0	0.0
TCGA.24.2019.01	0.0780092069930045	0.000554276639939052	0.0	9.782447019617951e-05	0.0345111606219447	0.0	0.0167502132897671	0.0	0.0622742286876792	0.000776360580989796	0.0	0.0106887315707919	0.007547810130882259	0.0195640480245784	0.02811762559895	0.0216080557156273	0.0178892578426311	0.0008932933414730619	0.0	0.0356682697017792	0.0	0.0034435982438408602	0.0
TCGA.24.2020.01	0.0496286319133677	0.007824612920517691	0.0	5.6245268536477297e-05	0.00290414039536102	0.0	0.0107018167832731	0.0	0.007502497065594841	0.0021273341287140197	0.0	0.00119676305518081	0.0	0.0	0.0396713033709636	0.00261942395983063	0.019382685209351002	0.0	0.0	0.0	0.0	0.0	0.0
TCGA.24.2023.01	0.0669113374187962	0.0	0.00290891504163558	0.0	0.0	0.0	0.074220630974179	0.0	0.010073156711932	0.0140437458253277	0.0	0.0	0.017437866281728002	0.00475714736097464	0.0136587905042407	0.0028853629382090303	0.0279581224305873	0.0	0.0155140493352335	0.00599670223563152	0.0	0.000529176399516786	0.0
TCGA.24.2024.01	0.0414572569357624	0.0196127924742705	0.0	0.0	0.0	0.0	0.0369222308753606	0.0	0.0259718855926953	0.0	0.0	0.0	0.0108217026511947	0.00559410799128871	0.038103896569214	0.0100417910305201	0.0433132090996741	0.0	0.0	0.0	0.00348064988110809	0.0	0.0
TCGA.24.2026.01	0.11293378447898401	0.0142842003104597	0.0	0.0115679322545745	0.0	0.0	0.0517592326704007	0.0	0.0146840230569577	0.016266044666219	0.0	0.007629905407004191	0.0	0.0059717071217789295	0.0284971662071885	0.0317697120707401	0.0454469838497867	0.0	0.0	0.0	0.00420987990887336	0.0	0.0
TCGA.24.2027.01	0.0429598479939675	0.015842895521161002	0.0	0.0	0.00700541458494283	0.0	0.0073928231855782	0.0	0.021478034925281997	0.0038388686081853103	0.0	0.0	0.0114793360869306	0.00415160195707413	0.009497557666716871	0.0109519822736625	0.0462031316384504	0.0	0.0	0.0	0.0	0.0	0.0
TCGA.24.2033.01	0.0661354908889835	0.0294009063530491	0.0	0.0019385374278807301	0.0281761466514917	0.0	0.0256238641813835	0.0	0.011779467750716999	0.0072926396953737	0.0	0.0	0.000170139201077364	0.00447251993045636	0.0361590017877939	0.00017726392279863	0.00373449501180794	0.0	0.0	0.0	0.0	0.00024588296622039704	0.000427035366390137
TCGA.24.2035.01	0.20570329336841603	0.0165833727520534	0.0	0.0024338808248357	0.0281644733336981	0.0	0.0839945532053863	0.0	0.022223994649317996	0.0113641496030764	0.0	0.0166571950310307	0.0	0.0309539488864449	0.0	0.0356145443136668	0.208624357387217	0.0	0.0	0.0222587259610724	0.0	0.0	0.00881050148084235
TCGA.24.2036.01	0.0289982321573384	0.0	0.0017940338794851399	0.0	0.0	0.0	0.026420218719918998	0.0	0.0283392349238812	0.0	0.0	0.0	0.0067145752546809295	0.00521608542661999	0.0331823342211167	0.0	0.0209325951900577	0.0	0.0	0.0100823920209138	0.0	0.0	0.0
TCGA.24.2038.01	0.0190806902570883	0.0	0.000627079779788696	0.0	0.0	0.0	0.0415006923624664	0.0	0.00412830181841725	0.00310832363182373	0.0	0.0	0.008627234911887209	0.0106162108533907	0.0	0.0	0.0497188439046173	0.0	0.0018889463796783602	0.009996884487221129	0.0	0.000179620961254932	0.0
TCGA.24.2254.01	0.0832224413682712	0.0	0.0012153917203858301	0.0	0.0	0.0	0.0751396370640676	0.0	0.007866833454755391	0.00921807250486557	0.0	0.0	0.0171334316740646	0.0160820367631675	0.0699148272213127	0.0	0.0312722451925315	0.0	0.00250232838422769	0.0	0.0253026725095452	0.0	0.0
TCGA.24.2261.01	0.15727907777546202	0.00454956225446491	0.0	0.0	0.0108663812013199	0.0	0.101489603429911	0.0	0.0220869456109625	0.0229396659434283	0.0	0.0141048199366659	0.00505983316263679	0.0156187605489672	0.020647707547096	0.0545034941713482	0.0776654776816411	0.0024071013227301	0.0	0.03451730882128	0.0	0.00193477715860623	0.0
TCGA.24.2262.01	0.240199011296367	0.000874677696673325	0.0030450056674027897	0.0	0.00899919027689933	0.0	0.0551102961762458	0.0	0.0365082552519561	0.0313036473334958	0.0	0.0101626196276656	0.00162238568447875	0.0	0.10401551298838399	0.0253815341724662	0.0188287317601184	0.0	0.0	0.0	0.0152385401974104	0.0	0.0
TCGA.24.2267.01	0.260970212045829	0.0256468347333686	0.0	0.0177343829628488	0.02646169893044	0.0	0.0500708131097261	0.0	0.0619173540470022	0.0260551076932833	0.0	0.0237682611526944	0.0	0.004797338299428471	0.0938760837986678	0.0754674411806299	0.107514190705161	0.0	0.0	0.0	0.0	0.0	0.0
TCGA.24.2271.01	0.20324798681317602	0.0370478313744538	0.0	0.0193364384478824	0.0140650578776138	0.0	0.101340135042169	0.0	0.0412005452484525	0.0283116547202786	0.0	0.0112052865125193	0.00859513799716106	0.0194719616555778	0.0264132867341481	0.0268024078664479	0.0234176069931305	0.0	0.00226862827913004	0.0	0.00539007227748911	0.0	0.0
TCGA.24.2281.01	0.285816003462393	0.00654995972236607	0.0	0.00490668292335254	0.0209676891656385	0.0	0.0383671081314235	0.0	0.045718167559719004	0.0369407699774765	0.0	0.0009619694617063869	0.015939337782946	0.0131232066491072	0.15533995846502802	0.0256419758509186	0.0568224941125927	0.0	0.0	0.00216525683615343	0.0	0.0	0.0
TCGA.24.2288.01	0.241837897172594	0.0250514180684761	0.00609341865628703	0.0208468830632703	0.0605815919336959	0.0	0.0610072358776339	0.0	0.0490533635674794	0.0248871846657207	0.0	0.009695066734098309	0.000328803428838952	0.00629579545929883	0.0	0.0324089686222162	0.0831485985682912	0.0	0.0288296191805492	0.00185512448531345	0.0	0.0	0.0
TCGA.24.2289.01	0.20355580866227999	0.0194132748809043	0.0	0.00200046846844126	0.00991610779635264	0.0	0.0782805373200149	0.0	0.017036423616081	0.0193476373033883	0.0	0.0	0.005437139744568729	0.0130999484605232	0.0283828563297288	0.007638841562962921	0.0426571891581291	0.0	0.00116750617346618	0.0	0.0190809015837732	0.0009459219400306699	0.00131739850056714
TCGA.24.2290.01	0.12824172854090501	0.000424191464889788	0.00113657609285921	0.0	0.0	0.0	0.0474623127606513	0.0	0.009779133761478471	0.0172477817121969	0.0	0.009653285576492721	0.000974197158862141	0.0	0.0486520802845828	0.00402565669415255	0.0539526918466779	0.0	0.009506385505059691	0.0	0.0168042538203013	0.0	0.0
TCGA.24.2293.01	0.285228134930075	0.0116244224039201	0.0	0.0	0.0274729985375297	0.0	0.0910221016019661	0.0	0.0122916653029052	0.0420217574919517	0.0	0.00426196759764798	0.00487182426826137	0.0310706085875164	0.080876465820797	0.0182592856585307	0.136239008264251	0.0	0.0204846267746933	0.00914021869673327	0.0	0.0	0.0
TCGA.24.2297.01	0.05245773878276099	0.00158524898808926	0.0	0.00106562337079796	0.000243468705743668	0.0	0.0377923459822499	0.0	0.0263471310806297	0.0	0.0	0.0	0.009745948674439191	0.0125563961077704	0.0290254059096243	0.014116193364853999	0.0107440972223076	0.0	0.000625456721875225	0.0110366233592465	0.0	0.00206949059643684	0.0
TCGA.24.2298.01	0.0981382460418592	0.0	0.00024844706490614703	0.0	0.0	0.0	0.0402169726037837	0.0	0.0174271069695539	0.007211928255511	0.0	0.00403246076378862	0.00098519573388527	0.0	0.0415652930278927	0.0045038352163661	0.023502511584567	0.0	0.0236783670082475	0.0	0.0011405868918246802	0.0	0.000352725749905177
TCGA.25.1312.01	0.0485135145087017	0.0	0.00099591476531925	0.0	0.0	0.0	0.0643798161896042	0.0	0.0172530728481848	0.0145409717874606	0.0	0.0008141739759408661	0.00394750054982702	0.0109277355390125	0.0270380260576812	0.0128858491806464	0.0121362516014845	0.0	0.0	0.0269525095955664	0.0	0.00204363439672657	0.0
TCGA.25.1313.01	0.12134383655685302	0.000117718546400812	0.000817278204270662	0.0	0.006343496865905679	0.0	0.0595737483560926	0.0	0.00925681953427084	0.000415003394904152	0.0	0.0	0.0211003880406914	0.0196611280597402	0.0	0.00523064464455857	0.0994083417007763	0.0	0.0226511511019548	0.0221268204334537	0.0	0.0	0.0008156817838295231
TCGA.25.1314.01	0.0682890602807673	0.0164338896489129	0.0	0.0	0.00405226322036795	0.0	0.0446901072890865	0.0	0.00869758474185819	0.0145628265548532	0.0	0.012772356312915	0.0	0.0092164616363355	0.0133973737500434	0.0197641408514881	0.0424189991268468	0.0	0.0	0.00771028779879575	0.0	0.0	0.0
TCGA.25.1315.01	0.0324563526413264	0.0	0.0	1.07022732820864e-05	0.0	0.0	0.0271675360075603	0.0	0.004295821553011729	0.00165955270107204	0.0	0.0	0.00661279347960471	0.0034576730129208897	0.0082300262507219	0.0	0.0221703094156473	0.0	0.00612085461958741	0.0162467683195793	0.0	0.0	0.0
TCGA.25.1316.01	0.050487431433594	0.0	0.0	0.0	0.042106028165622	0.0	0.0108528971520075	0.0	0.0210283883885598	0.00134793575646688	0.00413056412660588	0.0	0.011651210138218999	0.00507008823708	0.0103602063734569	0.0154994926905223	0.0226533376079816	0.00023811679708177997	0.0	0.0318245081595071	0.0	0.000435894883775979	0.0
TCGA.25.1317.01	0.0542586076608012	0.00315829440856353	0.0	0.0280077519605705	0.0	0.0	0.0257940707241519	0.0	0.0193320896928444	0.00665954630599819	0.0	0.0	0.00954521865346768	0.00908431996941468	0.0294947681099947	0.0111847940988557	0.0152434186616356	0.0	0.0	0.005035095408526711	0.0	0.0	0.0
TCGA.25.1318.01	0.0857061008418422	0.00019360402666152702	0.00023754721452225698	0.0	0.0	0.0	0.0644528834511068	0.0	0.00684936813452211	0.0121713117116959	0.0	0.00471774761297446	0.00837651114347609	0.0027375012712833897	0.0332119612437755	0.0	0.0229491239789658	0.0	0.0	0.00253964008585829	0.0	0.000948673729687172	0.0
TCGA.25.1319.01	0.0614181375320645	0.00046422333022463495	0.0	0.00119559077388635	0.0	0.0	0.0480565866345178	0.0	0.0154176178945899	0.0300790640519636	0.0	0.00211506806746895	0.0014657017272825198	0.0130400959249887	0.0120058352693791	0.00546804325516013	0.0611904478503419	0.0	0.0176765815559208	0.0116190913293453	0.0	0.0010286561705488198	0.0
TCGA.25.1320.01	0.0934312264497452	0.0087757967607104	0.0	0.0	0.0199278405395787	0.0	0.0639039337079447	0.0	0.0137259419197005	0.00425382604572221	0.0	0.0	0.0213474863248143	0.00881156348040535	0.0748053529741593	0.0	0.0507363061260168	0.0	0.0155114385402625	0.00728156609074373	0.0	0.0	0.0
TCGA.25.1321.01	0.0603703572951362	0.0	0.00133480104999154	0.0	0.0	0.0	0.0503972968729956	0.0	0.0138542165687616	0.00964164561466084	0.0	0.0	0.00473754642438846	0.0127545935896184	0.0201934345461561	0.00114269189347204	0.00267340290357442	0.0	0.0016282023075755699	0.00612220218631585	0.0	0.00131817865684884	0.0
TCGA.25.1322.01	0.0704647972268537	0.009398546336472541	0.0	0.0	0.0	0.0	0.0361536459525251	0.0	0.0188905146568559	0.00547158057857159	0.0	0.0024337031130691102	0.00605438394329411	0.0213484207375965	0.0	0.00178320543680015	0.0795796277911777	0.0	0.0403052375666088	0.0	0.00402863497423097	0.0	0.00310821231666331
TCGA.25.1323.01	0.0730886140395967	0.0	0.0136460544229097	0.0	0.0	0.0	0.074861547352974	0.0	0.0289584653297783	0.000615798613992999	0.0	0.000969931618173266	0.0100352363934895	0.0125543814920388	0.0185123495023128	0.00220721503411297	0.00184003265745311	0.0	0.0	0.0040075357729450894	0.0	0.000444060158878147	0.00238695475565331
TCGA.25.1324.01	0.0361817145571132	0.000230099618001967	0.006214340433094229	0.0	0.0	0.0	0.0346961051359306	0.0	0.0391959511682345	0.00383409800793171	0.0	0.01244671061943	0.0	0.0104821335046265	0.0205124204831165	0.009424418290111541	0.0111250782000305	0.0	0.0112026729020568	0.0146702693749401	0.0	0.00129197599181894	0.0
TCGA.25.1326.01	0.130034115297526	0.0053020218150420795	0.0	0.00344427705552015	0.0127039215173904	0.0	0.077986709004812	0.0	0.0115243573907488	0.0169061292999581	0.0	0.0	0.014290376723363998	0.00588956475550761	0.0355699567285108	0.0311961459973129	0.0915994521542025	0.0	0.0	0.00639266619421111	0.0	0.0	0.0016429641394104901
TCGA.25.1328.01	0.0743640076099938	0.0120393626469023	0.0	0.0	0.00984905899150137	0.0	0.0475595545064253	0.0	0.00826811372649563	0.012341972270249999	0.0	0.000188678464193001	0.012617934380303002	0.0133618244786181	0.050256943543981	0.0051930068571711206	0.0759559489195595	0.0	0.0	0.004892352603511179	0.0	0.0	0.0
TCGA.25.1329.01	0.0849829520423264	0.0037259533938950795	0.000720057778782816	0.0	0.0117925341720113	0.0	0.0627040644551458	0.0	0.00993421947124478	0.0308565480626871	0.0	0.0	0.0	0.00979759376629558	0.0517690547424232	0.00235928441609714	0.024880521543266004	0.0	0.0	0.0128298948138903	0.0	0.0	0.00284012280078925
TCGA.25.1623.01	0.374558720171815	0.0349466525305781	0.0	0.00822611513131383	0.0367681925592048	0.0	0.116407432598435	0.0	0.0503766129597371	0.0419173302199497	0.0	0.0	0.0145620543143594	0.0154136756970812	0.0568531886237181	0.0593857551124584	0.140270786380996	0.0	0.0	0.0139502547546573	0.0	0.0	0.007226008850958609
TCGA.25.1625.01	0.145954435657894	0.0112738509164789	0.0	0.00379591470955674	0.0101919716012463	0.0	0.0427102408847332	0.0	0.0120438485869415	0.00445773185700134	0.0	0.0	0.0116645550459321	0.0189143586152143	0.0	0.0189168680258168	0.113530541196665	0.0	0.007747948058159691	0.0	0.00197406222534328	0.0	0.00377228548702806
TCGA.25.1626.01	0.349778845176889	0.02367191992654	0.0	0.00992449732899894	0.0476642955667852	0.0	0.0818284106947645	0.0	0.0203331152182469	0.0209873146231803	0.0	0.0	0.028671439574354002	0.0365617135991379	0.0007383990709013451	0.016045538028253	0.135540983166027	0.0	0.00590100590278223	0.0	0.0743744080406537	0.0	0.003650590064157
TCGA.25.1627.01	0.0784689981115414	0.0	0.004058156751189679	0.0	0.0	0.0	0.0249787347191152	0.0	0.00895602347204378	0.00805265894860474	0.0	0.0	0.0148131732246457	0.0	0.0449174929118613	0.00572996037143569	0.023987338357264	0.0	0.0	0.0020307858186572	0.0	0.0	0.000146063347210879
TCGA.25.1628.01	0.20505715131183397	0.0210396113302215	0.0	0.0013526449700465401	0.0465980111204086	0.0	0.107596526209346	0.0	0.0229211967604143	0.0284371480868797	0.0	0.0156391753065274	0.0	0.0050350789899149	0.009196608891298159	0.0584535059049063	0.0742516968473058	0.0	0.000244497983045231	0.007584014188291759	0.0	0.0	0.0
TCGA.25.1630.01	0.34958043971553004	0.0	0.00920617802991713	0.0	0.00374013235113436	0.0	0.0440684184963442	0.0	0.00789946258562257	0.0257687620795521	0.0	0.00421785621550101	0.0126982005129643	0.0	0.15905142594791	0.0184385837513997	0.14175781935220302	0.0	0.0	0.0	0.0143189315740791	0.0	0.0456415980858297
TCGA.25.1631.01	0.0889991635652646	0.0055658448382777705	0.0	0.000175478853229598	0.0	0.0	0.0563531377760339	0.0	0.00499542383634474	0.00434757264916991	0.0	0.0	0.008400844549838221	0.008942687123568759	0.0267430524106264	0.0	0.0258758099761705	0.0	0.0137661131691733	0.00411728755487887	0.0	0.000392663161871631	0.0
TCGA.25.1632.01	0.0260279708675005	0.0	0.00072515237574202	0.0	0.0	0.0	0.0186352341456611	0.0	0.0141536142645473	0.00406282127679549	0.0	0.0	0.00442176124043638	0.008299634315257959	0.0165517217171485	0.000176852034933963	0.007525800316769579	0.0	0.0	0.0021756315919943103	0.0	0.00111855615404328	0.0
TCGA.25.1633.01	0.186211318914574	0.0294083947910291	0.0	0.000952497889096208	0.0441268659248667	0.0	0.0733161400167871	0.0	0.0210875528476651	0.0293411121855576	0.0	0.0031305782028973	0.0	0.00917900166252345	0.0	0.0295457320239666	0.101408115302886	0.0	0.00201265233116638	0.0	0.00122566433388655	0.0	0.00321078099350555
TCGA.25.1634.01	0.0487971772333669	0.0	0.000244440524609141	0.0	0.0	0.0	0.00964605024741324	0.0	0.00320477487054394	0.00419879961512283	0.0	0.0	0.00263656050445908	0.0	0.0078116210862322795	0.0	0.00834612250435352	0.0	0.00014120793094340802	0.0005970730964960099	0.0	0.00057091650844554	0.0
TCGA.25.1635.01	0.185723651595182	0.00018704053059142399	0.0	0.0	0.0	0.0	0.0937347728594763	0.0	0.0147037891872766	0.0166363941257336	0.0	0.00995415924887243	0.0	0.0018448179661332302	0.0305288933582102	0.0151671047344467	0.0887323966265943	0.0	0.00826941815667077	0.00946359428679217	0.0	0.000580437863162103	0.0
TCGA.25.1870.01	0.0475504537522254	0.0	0.0006096499453064901	0.0	0.00900000527172429	0.0	0.026491760979892	0.0	0.0134681290889222	0.00112603949286515	0.0	0.0	0.0150432909405893	0.0055195151813794705	0.0	0.0	0.0361745158700761	0.000908795755240667	0.0	0.0	0.0298995891516654	0.00170021399814645	0.000660790047118081
TCGA.25.1871.01	0.0135932355996951	0.00682650754529099	0.0	0.00023735459127516298	0.0	0.0	0.00677497196729594	0.0	0.00524798781844195	0.0053139652357545	0.0	0.0	0.000897278010385582	0.0	0.0216733179776737	0.0	0.0088572093560828	0.0	0.0	0.00179465400608127	0.0	0.0	0.0
TCGA.25.2042.01	0.257686276881277	0.0202413298691759	0.0	0.0116685388180157	0.0145936783541003	0.0	0.0761607500604893	0.0	0.0	0.00604599440331686	0.0	0.00516654414002625	0.0	0.00640468495805254	0.0	0.00251230231697781	0.12099323740393901	0.0	0.0169836704374431	0.0	0.0248357544066107	0.0	0.0154588859762704
TCGA.25.2391.01	0.122861755317818	0.011224537687826	0.0	0.0	0.013965583633888001	0.0	0.0251450491076296	0.0	0.00813349686547243	0.0178226938693206	0.0	0.0	0.0152661184137402	0.00665339608741993	0.0	0.0	0.0720539282089716	0.0	0.0539416528287519	0.000951196531720741	0.0	0.0	0.0111209133075446
TCGA.25.2392.01	0.22456162581386	0.0095618460410797	0.0	0.0	0.000521484422402511	0.0	0.0428322460372649	0.0	0.0114348810347644	0.00385774014475905	0.0	0.00668819852096202	0.0	0.0451617065532965	0.0	0.0122071127597528	0.180733315129297	0.0	0.0	0.007759624649263809	0.0	0.0	0.0
TCGA.25.2393.01	0.13646905523483602	0.0159325224621433	0.0	0.0	0.0178672346849629	0.0	0.0133885414781319	0.0	0.0169878649277076	0.00538559254366167	0.0	0.0	0.00422150508608961	0.00293073717948883	0.0840484377024745	0.00998962811556375	0.0404553086429824	0.0	0.0	0.0	0.0104220340925166	0.00306349003353545	0.00303657754944063
TCGA.25.2396.01	0.0722675881229624	4.8537366226470204e-05	0.0	0.0	0.0165510382735194	0.0	0.0749463776081136	0.0	0.0207949037024939	0.0247084587896997	0.0	0.00845676356434958	0.000337323868468077	0.0115858471201004	0.0273615229586577	0.0335834232961951	0.0245434104185697	0.0	0.0	0.0120756047081903	0.0	0.0	0.0
TCGA.25.2397.01	0.0774845554657498	0.0	0.00116373041117102	0.0	0.0	0.0	0.0431117128741193	0.0	0.0166430768518938	0.0125057222361439	0.0	0.0129634112366425	0.0	0.0140958538068138	0.0166717221921283	0.0	0.00359535365430475	0.0	0.0	0.0102286422042027	0.0	0.0	0.00419694183355506
TCGA.25.2398.01	0.0825395809050095	0.00131001250270941	0.0	0.0	0.00299604708140167	0.0	0.0278907783259728	0.0	0.0119543786029278	0.00716360904098922	0.0	0.0	0.0204164977977821	0.0	0.12876971806255302	0.00880242434929334	0.050592192834	0.0	0.0	0.008929183524907841	0.0	0.0	0.0
TCGA.25.2399.01	0.128931226117247	0.0326789703672141	0.0	0.00210510677994842	0.0240546054395553	0.0	0.0440528463218944	0.000783477861772348	0.0200712400901646	0.0061433710861399	0.0	0.00414920859659634	0.0264803854395749	0.006213078560009921	0.0305048528766909	0.0262290363763205	0.0731713872683621	0.0	0.0	0.0126132541897974	0.0	0.0	0.000848756753501693
TCGA.25.2400.01	0.0774210441786634	0.0131739537264192	0.0	0.0	0.00857673599679979	0.0	0.0309143338085539	0.0	0.0190954940484864	0.00295561945076319	0.0	0.0	0.0064732655971916795	0.0054612156774994395	0.00131291559809115	0.0036150661258911795	0.0540194187171821	0.0	0.0076602770227625905	0.015215967270098	0.0	0.0	0.0
TCGA.25.2401.01	0.259829666479657	0.00721926036148938	0.0	0.0	0.0110864465649995	0.0	0.0580257150167844	0.0	0.016711990745418997	0.0200541895700496	0.0	0.00360358022212394	0.00454409746425433	0.0285568235927948	0.0070530175384447	0.0444633032372752	0.15837212651288698	0.0	0.00941515010400004	0.00274982872164321	0.0	0.0	0.00289438042518245
TCGA.25.2404.01	0.10350336225151599	0.00278204405573718	0.0	0.0	0.0326375583839081	0.0	0.0769581677122804	0.0	0.0444302909116886	0.011558446077386	0.0	0.0	0.0	0.0119340832905559	0.0153079047836396	0.0296803729648812	0.0179482312647295	0.0	0.0	0.0078015787000332	0.0	0.0	0.0012644866554748198
TCGA.25.2409.01	0.11999412234872099	0.00101742841001516	0.0	0.0	0.0106980460136965	0.0	0.0705940314050569	0.0	0.0154177346186395	0.0224092719064198	0.0	0.007652825678906671	0.0125846961945635	0.010583703927372	0.0331121839046661	0.0222098338562763	0.0627657487348545	0.0	0.0	0.0224012053253661	0.0	0.0	0.0
TCGA.29.1688.01	0.10318966920191901	0.0005405970851272059	0.000914141571878219	0.0	0.0	0.0	0.0596884953800738	0.0	0.0246550988447838	0.00455184290674999	0.0	0.006855086642564129	0.0105858719069749	0.00735222353148267	0.028623295950054	0.0283238394861578	0.100680181776164	0.0	0.00587572515051753	0.0038135305198737897	0.0	0.0	0.0
TCGA.29.1690.01	0.10886512546563001	0.012001725159032	0.0	0.00034268638457638596	0.0178800325975623	0.0	0.0642604556077359	0.000895859469369132	0.00644843701777344	0.0298033856917589	0.0	0.0139414540899146	0.0	0.0544554769614235	0.0564338180609475	0.0	0.0965682033180113	0.0	0.0177821493899167	0.0	0.005786677087491011	0.0	0.0
TCGA.29.1691.01	0.0784900989578772	0.0223150717638967	0.0	9.71693541214612e-05	0.0107916983128598	0.0	0.0320421137810895	0.0	0.00726997054260977	0.0143232888921781	0.0	0.007667954839221891	0.0	0.00571656479260011	0.0	0.0156421849187521	0.07963083765653799	0.0	0.0	0.0	0.0	0.0	0.0
TCGA.29.1693.01	0.0872511918861857	0.0	0.0	0.0	0.0039970639310229605	0.0	0.0603299895236881	0.0	0.0132585690657089	0.0019494512692638899	0.0	0.0	0.009952886260083279	0.0111919373487442	0.0200199961040404	0.00822384085404507	0.007753887063716079	0.0	0.0330817114411932	0.0160847001852622	0.0	0.00230707135605483	0.0
TCGA.29.1694.01	0.0985181362756585	0.00315552136427451	0.0	0.000309127254978519	0.00378987305413476	0.0	0.0886187169926012	0.0	0.0136866124260008	0.00912632370982849	0.0	0.007404667993083841	0.00604211975814123	0.0111689894106292	0.0274035329053117	0.0194952753562504	0.0475023700612278	0.0	0.0230003327282867	0.0	0.0	0.00017622381589966002	0.0
TCGA.29.1695.01	0.13245443734644302	0.000494889791063189	0.0	0.0	0.0	0.0	0.0	0.0	0.00405223384146575	0.0126818253066663	0.00110563045253284	0.0062788000478930205	0.0	0.0	0.179595370030186	0.0162412423841538	0.0670467270841324	0.0	0.0	0.00615512345063424	0.0	0.0	0.0
TCGA.29.1696.01	0.0310399089453129	0.008618269625650841	0.0	0.00021878824077954298	0.0	0.0	0.0473080584348713	0.0	0.0178219939304286	0.0	0.0	0.0	0.004598119290265879	0.00509265085720535	0.0	0.0133044889096938	0.0459357720940319	0.0	0.0112766519422956	0.0048137032539001	0.0	0.0	0.0
TCGA.29.1697.01	0.0389279538091999	0.0	0.0	0.0	0.0111379378518657	0.0	0.011013770661473998	0.0	0.0223902693400707	0.0	0.0	0.0	0.0104974216001815	0.004259301072573361	0.0210483983957047	0.00676094665026629	0.0115803715473312	0.0	0.0122334957055154	0.020941904684985	0.0	0.0	0.0
TCGA.29.1698.01	0.100323962712601	0.0229831816050973	0.0	0.0034740934264477	0.008293645146029871	0.0	0.0376424900241631	0.0	0.0179352986608813	0.0199449436282397	0.0	0.0	0.0093210449150812	0.007326747705161691	0.0162743130382129	0.0171732457438948	0.0617660859859733	0.0	0.0	0.00283922134192378	0.0	0.0	0.0
TCGA.29.1699.01	0.136788072788647	0.0047136323958187395	0.0	0.0	0.00219339722151895	0.0	0.0294986166919769	0.0	0.0185272606663367	0.0129436164846885	0.0	0.0192062087924355	0.0072034071047805594	0.00856951240659647	0.0	0.0379780115927107	0.14022347298626	0.0	0.0328549116573866	0.0213946214137317	0.0	0.0	0.00128884466187328
TCGA.29.1701.01	0.12368942906132599	0.0	0.00490521450980999	0.0	0.0100041942336993	0.0	0.0743107816455644	0.0	0.0175316714789362	0.00740008200254069	0.00985948947206639	0.0	0.00783753553010802	0.009095336089538159	0.0	0.0368587040890025	0.0983142608623096	0.000432031759983768	0.000160040129985733	0.0298286313160224	0.0	0.0	0.0
TCGA.29.1702.01	0.045933594859712004	0.0	0.00263027422614379	0.0	0.0	0.0	0.0133033261281207	0.0	0.0176088762379777	0.0	0.0	0.0	0.00430289854771977	0.0022368798897995897	0.0159167107401019	0.0	0.0115742172634549	0.00284181036911347	0.00425501245117456	0.0220280916025127	0.0	0.0	0.0
TCGA.29.1703.01	0.041575639338058995	0.0	0.000352375550005039	0.0	0.00964741501644576	0.0	0.0406698929979008	0.0	0.0232791002286449	0.0184551539250945	0.0	0.0	0.004798102173036179	0.0121659287889096	0.0507302226420517	0.0	0.00451865617996224	0.0	0.0	0.0	0.000638555845035554	0.00164867184256238	0.0
TCGA.29.1705.01	0.101890937593039	0.008720012209477641	0.0	0.0	0.00258998216080896	0.0	0.0398155029317634	0.0	0.000902556364481399	0.0048370375285077	0.0	0.0058901134395635294	0.0	0.0	0.0517014708219315	0.010770736109668	0.0569587013886461	0.0	0.0	0.0	0.00173552601309729	0.0	0.0
TCGA.29.1710.01	0.311696648165414	0.0122419302145581	0.0	0.012386899846609	0.0437490996273441	0.0	0.0893128039098689	0.0	0.0171069923795075	0.0441047909672567	0.0	0.00500293850637566	0.0339175519354864	0.00828365500028935	0.0483869822858013	0.0150329323910736	0.154162236403161	0.0138082395985103	0.0	0.0135047919054945	0.0	0.0	0.000173847194563651
TCGA.29.1711.01	0.122876326172174	0.00117124955201381	0.0	0.000749839296001332	0.0207995239655833	0.0	0.0525259989006568	0.0	0.0248551416879162	0.0190024465789063	0.0	0.0	0.0152275455117416	0.00934680591380596	0.0199487334664714	0.046535848857058	0.0384061249346554	0.00171347375287341	0.0	0.0235286538612571	0.0	0.00166749358535025	0.0
TCGA.29.1761.01	0.138089962518046	0.008279706393776171	0.0	0.0	0.0224115452708335	0.0	0.0321532651380262	0.0	0.0126898822927518	0.0076628836626185404	0.0	0.0	0.00378644784740658	0.0	0.0514745125371615	0.0145303130693874	0.077094003984034	0.0	0.0	0.00596010846025935	0.0	0.0	0.0
TCGA.29.1762.01	0.0678286598463512	0.0	0.000212643100856167	0.0	0.0	0.0	0.04455015096270799	0.0	0.00456010485986377	0.0036198630644102897	0.0	0.00508509946431313	0.00311719587116977	0.0251427052224904	0.0230549368643472	0.0	0.00558289337653654	0.0	0.0	0.0130332717050762	0.0	0.0055884386396358	0.0
TCGA.29.1763.01	0.0955956033758019	0.0203032443785465	0.0	0.00121401365005453	0.00653969460899452	0.0	0.0716397463443892	0.0	0.0416851605230804	0.0	0.0	0.0	0.0171914358932272	0.0160658861493225	0.0	0.0209154228788992	0.0844872407845822	0.0	0.0103987806682093	0.004722728040034	0.0	0.0	0.0
TCGA.29.1770.01	0.058746397254464004	0.000150734559642228	0.0009535556938387961	0.0	0.0	0.0	0.0585853409872889	0.0	0.007668953464956441	0.0101580952362796	0.0	0.0136923276181009	0.0	0.00769158286292278	0.0408501009457937	0.000151747951493847	0.00288954600149033	0.0	0.0	0.0	0.007061276865964001	0.000691019223045139	0.00108105263871767
TCGA.29.1770.02	0.06643919633063901	0.0	0.0	0.0	0.0	0.0	0.0294948632230181	0.0	0.0110201080157596	0.0018881799234136802	0.0	0.00646067569057536	0.0113702172104661	0.00415395101343341	0.00575919853166988	0.0	0.020027843925365003	0.0	0.0178650590560188	0.0158456696143485	0.0	0.0	0.000785431737394554
TCGA.29.1776.01	0.0576512235780922	0.0226788820107009	0.0	0.00022734280906566403	0.0150010128389428	0.0	0.0395991074219383	0.0	0.0089661473578303	0.0076791622657235	0.0	0.00466608847180564	0.0	0.0103122123319719	0.0	0.0035806643109062898	0.0379512287712948	0.0	0.024881508097177995	0.0	0.00166246743824556	0.0	0.0
TCGA.29.1778.01	0.110293838982789	0.0224436574376324	0.0	0.0009548706871865529	0.0146957617660165	0.0	0.074638371065545	0.0	0.0137989130859235	0.0241578147270095	0.0	0.0107173166444704	0.007050921279222071	0.0	0.0229884182772786	0.0274885357503908	0.0732479131432649	0.0	0.0087645463846867	0.00497053812719356	0.0	0.0	0.0
TCGA.29.1781.01	0.180813039196654	0.0122616625878258	0.00013364642400288	0.00739602416488957	0.0840871963607676	0.0	0.0629502876568404	0.0047999353066091	0.0207814634548654	0.02651641630754	0.0	0.0187711029798176	0.0	0.00143500759063099	0.0888783392428106	0.0675143842785517	0.13611760165749098	0.0	0.0	0.00035365374615845896	0.0	0.0	0.0
TCGA.29.1783.01	0.12143549656629199	0.0135347972483218	0.0	0.00527628236877501	0.0193884972857193	0.0	0.0484445155497612	0.0	0.0220989665997908	0.0136943165263875	0.0	0.0	0.015084999971698002	0.00981438019194133	0.026946274401613	0.0233209690093476	0.10793365779528201	0.0008155520047454161	0.0	0.00441417896816064	0.0	0.0	0.000874709427717828
TCGA.29.1784.01	0.159674849556211	0.0	0.0102901764119301	0.0106577633040112	0.0242202891970831	0.0	0.0499259619736365	0.0	0.0347191486703582	0.0175498667148651	0.0	0.0165650542800166	0.0	0.0220570011056898	0.0455740535542942	0.0488870648888472	0.109682535590228	0.00468644794580542	0.0	0.0229695719099215	0.0	0.0	0.0
TCGA.29.1785.01	0.0965779459706547	0.00148420338631338	0.0	0.0	0.0252270149505044	0.0	0.0549024636538158	0.0	0.0119712109836445	0.0225249170536836	0.0	0.0	0.0159320392913236	0.00262793360222252	0.00573803383385094	0.0455331819961146	0.0858172291677516	0.0	0.0	0.0362674045685651	0.0	0.0	0.0
TCGA.29.2414.01	0.0471988761343119	0.0	0.000882143704789025	0.0	0.0	0.0	0.0419062291028616	0.0	0.0104888057958783	0.00453250388666663	0.0	0.00073742944347096	0.00751753046150226	0.009489224957722309	0.0273214086408485	0.000245822457385734	0.0016622355812209199	8.686482236441758e-05	0.0	0.0181282105569917	0.0	0.0042106586079861796	0.0
TCGA.29.2414.02	0.14967459801584	0.0416518937377701	0.0	0.0144430039193043	0.0794939632447346	0.0	0.004097228766136479	0.0013389406110183302	0.0421449671523551	0.038523177377781	0.0	0.009517752590890471	0.0	0.0032623675218625197	0.0323813766597987	0.0395425927001732	0.0738557048765951	0.0	0.0	0.0018462691943306698	0.0	0.0	0.0
TCGA.29.2425.01	0.0610344963400271	0.0160599618213933	0.0	0.0214909048862258	0.000770966065994126	0.0	0.0070712180067630595	0.0	0.0056948246284020294	0.007563317595586241	0.0	0.007498664105078391	0.00205552796976026	0.0	0.0416787182902499	0.01100352748989	0.0233127774384497	0.0	0.0	0.00207297755482189	0.0	0.0	0.0
TCGA.29.2427.01	0.290086382204691	0.024250836732524	0.0	0.0	0.0821568864949502	0.0	0.0415156969925752	0.0	0.0206981900030055	0.0315698215103255	0.0	0.0192913202566092	0.00230546045210743	0.00163981311909818	0.0409359395567809	0.0514454825079309	0.15751998899854502	0.0	0.0	0.00767446272705503	0.0	0.0	0.0
TCGA.29.2428.01	0.11744403508036601	0.0101864932461742	0.0	0.00530694741126693	0.0414454115950211	0.0	0.0338561417734714	0.0	0.0288081289129137	0.0334682879226585	0.0	0.0071018881193220095	0.0	0.0	0.0621500361476479	0.0384363627066377	0.0891462769407478	0.0	0.0	0.0	0.0	0.0	0.0
TCGA.29.A5NZ.01	0.0326013567720752	0.00102055660749306	0.0	0.00047434123959152997	0.0	0.0	0.0295142233499913	0.0	0.0271070145671857	0.0	0.0	0.0	0.0125686197702425	0.00692022066989685	0.0613496421400864	0.0097726902590468	0.00920722941851575	0.00307700061292565	0.0	0.00222812884679904	0.0	0.0	0.0
TCGA.30.1718.01	0.166822777241379	0.000159746217296671	0.0	0.000164156240075019	0.0010444445407130699	0.0	0.0693444289488875	0.0	0.0191383881614646	0.0120985563029997	0.0	0.000113296290860548	0.00974337485881759	0.00391645317196558	0.0146320630130647	0.0236421103995006	0.0503780010847479	0.0	0.00208453554519691	0.0218153297504677	0.0	0.0016654469045087699	0.0
TCGA.30.1855.01	0.13550598328649302	0.0171920824100889	0.0	0.0046701306446190706	0.0275828777862277	0.0	0.0502022658275274	0.0	0.0237073878597499	0.0361929130074448	0.0	0.0019093037056469699	0.008141955347554691	0.00806954980654376	0.0481959373043003	0.0305918212421844	0.0948019018066718	0.0	0.0	0.00662496521679159	0.0	0.0	0.0
TCGA.30.1857.01	0.124668841027062	0.00297685377324771	0.0	0.0018057269189969897	0.0215820322124967	0.0	0.057695151034391004	0.0	0.0030156451919271803	0.0256036338455907	0.0	0.00534126942096012	0.00419994577925815	0.0036369933794714	0.0704476344918207	0.0271191174095371	0.0774767695109433	0.000182438729483114	0.0	0.007743137881076109	0.0	0.0	0.0
TCGA.30.1860.01	0.209468642027908	0.0307273081774942	0.0	0.00673446769072771	0.0539830906266432	0.0	0.0817030314568834	0.0	0.0429465444883029	0.0182952472572399	0.0	0.0341749761173476	0.0025788531210091	0.0130622334507269	0.00750230739206805	0.068470871691095	0.0690017286137607	0.0	0.0	0.0	0.00360084552243654	0.0	0.0
TCGA.30.1861.01	0.0827317533894677	0.00162009327860769	0.0	0.0	0.00436354045780459	0.0	0.014998917090719	0.0	0.0024574393347290397	0.0	0.0	0.0	0.0022827791940401897	0.0009036397213638321	0.0227035752298349	0.00335331612355292	0.0258029188291126	0.0	0.0	0.00413709309170304	0.0	0.000421807352994314	0.0
TCGA.30.1862.01	0.10386692887739801	0.0162247400082025	0.0	0.0239092194535194	0.0167621715865669	0.0	0.052442940709730004	0.0	0.0127709626055561	0.0106787920988073	0.0	0.00286843375442607	0.00422603394738951	0.00942146765959854	0.0	0.013209691795204998	0.042185592703646996	0.0	0.0	0.0	0.00382963006075327	0.0	0.0
TCGA.30.1891.01	0.12807652409319198	0.0153732203420186	0.0	0.00212599838143738	0.0274813262459412	0.0	0.0351557977336954	0.0	0.00308740090461163	0.0106319782581667	0.0	0.00733512942123308	0.0	0.0	0.0373544984925534	0.0109928195958754	0.0729957518101167	0.0	0.0	0.0	0.00403474754745824	0.0	0.00511191646538528
TCGA.31.1944.01	0.136100761186679	0.0122438523222025	0.0	0.0020996374133838	0.00912989766119642	0.0	0.048321148488964995	0.0	0.0123629961639471	0.00884506503951229	0.0	0.0081977245579841	0.000240799290155208	0.008716296898770421	0.0210333484807718	0.0146493988923782	0.0456550429368234	0.00047903027475360596	0.0	0.0123471727032557	0.0	0.0016665788350942099	0.0
TCGA.31.1946.01	0.169152174769555	0.0139800973531992	0.0	0.0	0.0113854153880037	0.0	0.018089550927289	0.0	0.0165438648481763	0.0202464348901963	0.0	0.00468766992345195	0.0	0.0	0.136996512112122	0.0172582761944781	0.08884335489657001	0.0	0.00862517225274201	0.00034417500725809197	0.0	0.0	0.0
TCGA.31.1951.01	0.11196817905790898	0.0008788931083814981	0.0	0.00192909559336153	0.0	0.0	0.144848231312866	0.0	0.0380267072195253	0.0147124840416704	0.0	0.027727935628502003	0.00321808378691647	0.00712746675324523	0.0648196605101041	0.0465162470499192	0.0244974592536497	0.0	0.0	0.0375083390503097	0.0	0.0	0.000621191433196178
TCGA.31.1953.01	0.168323688974648	0.0010958917237978401	0.0	0.0	0.0280133821454088	0.0	0.0629616735013643	0.0	0.0213332022115688	0.0254110441272731	0.0	0.0165999754212888	0.0133364261052388	0.0206445860971878	0.127632644746239	0.0403686092537144	0.137341268658916	0.00817553217307938	0.0	0.009886980867656079	0.0	0.0	0.0
TCGA.31.1956.01	0.24576093820874698	0.0018785438653904103	0.0021330054509837	0.000875991715013492	0.0694602214336738	0.0	0.116413052519111	0.0	0.0153258256822123	0.0647929562335634	0.0	0.0	0.02011895422235	0.0100629068894731	0.150303825915887	0.051663792580947	0.184550109383167	0.004204890414862279	0.0	0.020185797458181998	0.0	0.0	0.0
TCGA.31.1959.01	0.227924559809147	0.00489896591694865	0.00777436447470185	0.0	0.000144864228419292	0.0	0.11521208835255801	0.0	0.0227438182738321	0.0279707791066226	0.0	0.00435022150501255	0.0186847821195995	0.0107120103918667	0.038433721948025	0.0196118985166875	0.16589270793154598	0.0	0.0106180235073744	0.0113722097969847	0.0	0.0	0.00145090444762306
TCGA.36.1568.01	0.0935719059023287	0.0058454701645	0.0	0.0078007854768526	0.0162081970886156	0.0	0.0537729148920451	0.0	0.0038945363809788102	0.0189425946130041	0.0	0.0017854152889952301	0.00760983825204006	0.00249473631731675	0.0499013741400903	0.0150371996739339	0.0772773257751354	0.0	0.0	0.00901581508249695	0.0	0.0	0.0
TCGA.36.1569.01	0.19316145683348	0.0285793823461816	0.0	0.000627746996641907	0.0511728083632202	0.0	0.0574491755783726	0.0	0.0303989858380334	0.020391112583118997	0.0	0.0	0.00135477303748422	0.0075134287151404095	0.0183167788115444	0.0258420183371974	0.09663288340347301	0.0109960930118564	0.0	0.007666342455993729	0.0	0.0	0.00395027425088435
TCGA.36.1570.01	0.0476916257280437	8.6616384873511e-05	0.000240391824366068	0.0	0.0	0.0	0.0318166108330361	0.0	0.00982354108738146	0.008763450084492379	0.0	0.00322162346170085	0.0045638456135061	0.0126920515514117	0.0196229108721942	0.0108998053875411	0.00748150264737185	0.0	0.0	0.0207428331124075	0.0	0.00102896690076624	0.0
TCGA.36.1571.01	0.0349886524640863	0.0108913641061557	0.0	0.0	0.0	0.0	0.0241536521099397	0.0	0.0148158896597212	0.0	0.0	0.006823311187393571	0.00164936756790176	0.00363228275163361	0.0005650400846899781	0.0049454189615394705	0.0257739660255905	0.0	0.004950203004730621	0.0015924200668397	0.0	0.0	0.0
TCGA.36.1574.01	0.0676045754009177	0.0152644809595407	0.0	0.000483830525541029	0.00355233246952424	0.0	0.0507615410083376	0.0	0.0121323836066647	0.00636117057604314	0.0	0.0051347025013504894	0.00137871847906825	0.0	0.0566965744572921	0.0440632268411644	0.0393988013880125	0.0	0.0117156933561545	0.000767690328425629	0.0	0.0	0.0
TCGA.36.1575.01	0.0258887164645988	0.0	0.00279664757232833	0.00641557883996435	0.00731950604436085	0.0	0.0184707042344621	0.0	0.0138048164899647	0.00550773944641848	0.0	0.0	0.0017752983211498398	0.0036324453980144103	0.0173741975579464	0.0	0.0130375370597088	0.0	0.0026393213532783896	0.00705657110349045	0.0	0.0	0.0
TCGA.36.1576.01	0.265219649942059	0.0	0.00178860675016985	0.0	0.00525753845839781	0.0	0.0629034851157468	0.0	0.0319790546225406	0.0118902653875409	0.0	0.00664365882095618	0.007147676043167791	0.0250676620642816	0.0840060412470705	0.0385129221819252	0.11762614775258999	0.00357598594242097	0.0	0.0329060085506815	0.0	0.0	0.0
TCGA.36.1577.01	0.10355779297518	0.00257459075981288	0.0	0.0	0.0310375222716744	0.0	0.0	0.0	0.00199481885680845	0.0104805376601757	0.0	0.0	0.010850831964403	0.0203647516969607	0.0462686885163725	0.0	0.0	0.000647659675004575	0.0	0.00369061739394794	0.0	0.00102952360587467	0.0
TCGA.36.1578.01	0.0895173663587279	0.00995572666520729	0.0	0.0114062142258867	0.0281422330196882	0.0	0.0505432052160629	0.0	0.0171307931067786	0.0167245432957531	0.0	0.0164772558773866	0.0	0.0	0.0501021884308997	0.0509902103323307	0.0576501177964044	0.0	0.00313904348909561	0.00772307745299933	0.0	0.0	0.0031766517450752397
TCGA.36.1580.01	0.15122252526839	0.00791967344270147	0.0	0.0	0.0412800598132037	0.0	0.0598743200455815	0.0	0.0126325887385827	0.0297456039853614	0.0	0.0	0.0177609098356026	0.00816573962362617	0.11016217282323901	0.0250698141053993	0.0769752295890321	0.0	0.0	0.0125985552552341	0.0	0.0	0.0
TCGA.36.1581.01	0.19495238585378	0.0375512680961781	0.0	0.0	0.00411170845140433	0.0	0.11163274200886801	0.0	0.0753850576255058	0.0159902856650411	0.0	0.0188971026616069	0.0	0.0026677070731809197	0.10381648573842099	0.063187542503608	0.034526282421585994	0.0	0.0	0.0340193906310659	0.0	0.0	0.0
TCGA.3P.A9WA.01	0.0767658859551187	0.00262155337644433	0.0051895782040244295	0.0	0.0005974135586790451	0.0	0.018404249749846	0.0	0.0081970517543971	0.00846143952345643	0.0	0.0009065211018926131	0.00247781152511463	0.00526562456099655	0.0363312719782902	0.00479226063457442	0.0257562220250486	0.0	0.00688254385753931	0.000136495874276403	0.0	0.0	0.0
TCGA.57.1582.01	0.078132454921112	0.0130653361032219	0.0	0.00716469524875839	0.00405862941595286	0.0	0.0311104089602652	0.0005571697512030111	0.0105138601487505	0.0048257297124251605	0.0	0.00140772593387449	0.0	0.00565926899212032	0.0127631632533387	0.0122494788976808	0.0451204146855851	0.0	0.0	0.00161579472113041	0.0	0.0	0.0
TCGA.57.1583.01	0.0199933118369598	0.0	0.0007575221483319509	0.0	0.0	0.0	0.0145785164852416	0.0	0.00374736525478441	0.00691057295102546	0.0	0.00437766047590343	0.0	0.0	0.0484463537982914	0.000688116942080324	0.0279651969458615	0.0	0.0	0.000214253282049621	0.0	0.000692466051360486	0.0
TCGA.57.1584.01	0.084977140411361	0.00573765690514006	0.0	0.0067961140123832895	0.00577691716395924	0.0	0.0244209006663062	0.0	0.00675674451649615	0.00412268437655191	0.0	0.000655236607951316	0.00398558896607649	0.0159906506196173	0.0	0.00329142317668817	0.0664291618704283	0.0	0.0115037358407831	0.00418477197116504	0.0	0.0	0.0
TCGA.57.1585.01	0.160712922203324	0.0105519222914716	0.0	0.0101469792874566	0.0155082265803686	0.0	0.0600576307454657	0.0	0.00637394686100843	0.0122615338650954	0.0	0.00549235636147971	0.0	0.0086756587352421	0.118017386647831	0.0145058339029894	0.0812336788725803	0.0	0.0	0.0	0.0085150511493438	0.0	0.0
TCGA.57.1993.01	0.0461623500042855	0.000149476127427799	0.00111270873989596	0.0	0.0	0.0	0.0628640495039062	0.0	0.00512536010071263	0.019555512108873	0.0	0.0134862395586592	0.0	0.0051817053987003895	0.03529781702717	0.000342715449789102	0.0140746541925593	0.0	0.0	0.0047396661226659295	0.0	0.0	0.0009631912318978199
TCGA.57.1994.01	0.14566989527991503	0.029344190866903	0.0	0.0154124985022506	0.0442262375881477	0.0	0.0633203393634053	0.0	0.0435270013080922	0.0233612837927982	0.0	0.0	0.00291902691654332	0.0	0.0762772601045631	0.0245537508225321	0.0995143152421553	0.0	0.0	0.0	0.0	0.0	0.0
TCGA.59.2348.01	0.160368187306793	0.00205536586606327	3.52655680136378e-05	0.0	0.0	0.0	0.0469684241919309	0.0	0.0173209709946995	0.013848401050094999	0.0	0.009492104784551071	0.0	0.0	0.0467003685926933	0.0079589811674434	0.0192776673268958	0.0	0.00028713749286531803	0.00637510950081935	0.0	0.0	0.0017993154383828698
TCGA.59.2350.01	0.17719382904937497	0.00043231509410524303	0.0	0.00016005386976881202	0.0	0.0	0.0448841385732248	0.0	0.0108551721264887	0.0116573199622204	0.0	0.00733402038735175	0.000432469733133173	0.00542327727344641	0.0611276500928376	0.0121762901210821	0.00837163824156483	0.0	0.00034043913208332203	0.0165721844100153	0.0	0.0	9.83712146923766e-05
TCGA.59.2351.01	0.24905811553707302	0.0199540488237061	0.0	0.00727033881776671	0.0105908950694725	0.0	0.0607206481420294	0.0	0.0175891775266941	0.0234286633766042	0.0	0.005012447870915229	0.00387802963029045	0.009695309870904091	0.0607348745934873	0.0315567462109932	0.082395500400642	0.0	0.0	0.007398894336643091	0.0	0.0	0.0
TCGA.59.2352.01	0.124038099115378	0.019685315818536	0.0	0.0100331280228539	0.0	0.0	0.0473609740778699	0.0	0.0227804715816839	0.0311266792649976	0.0	0.0	0.0224515828956667	0.0	0.0593600846871422	0.0505713436573671	0.0243483022335625	0.0	0.0	0.0104341476270439	0.0	0.0	0.0
TCGA.59.2354.01	0.181476160428926	0.0340303263347908	0.0	0.0021223867978538897	0.0216131385635517	0.0	0.0852794731540668	0.0	0.0222873726684078	0.0234453813668514	0.0	0.0214950880283061	0.0	0.0	0.0607232548309834	0.0371516287524281	0.102460007908119	0.0	0.0	0.0	0.0	0.0	0.0
TCGA.59.2355.01	0.100392164166923	0.000109353968155855	0.0	0.0	0.0	0.0	0.0689441654770901	0.0	0.0219866604076495	0.0142258236970774	0.0	0.0	0.0176016365892677	0.008857415066038321	0.0243563256010182	0.0164381642722908	0.0128501545074288	0.0	0.0	0.0332127180208312	0.0	0.00187667927395711	0.0
TCGA.59.2363.01	0.0707535155071006	0.0028847511496690103	0.00733879864875145	0.0	0.00594838902305131	0.0	0.0156132432579413	0.0	0.0188732830833943	0.00649629162345182	0.0	0.0	0.016599745327063	0.00697015120623301	0.0137081242938843	0.009522135020074509	0.028365281550821	0.0	0.0155827988170861	0.00169475676555807	0.0	0.0	0.00459598512863885
TCGA.59.A5PD.01	0.174489345924953	0.007334983596676829	0.0	0.00448664692856969	0.00175332839813862	0.0	0.0289161237514181	0.0	0.00949271393227004	0.00555324624561052	0.0	0.0036343780037938604	0.0	0.000329075375406858	0.0544889206459067	0.00811012633733153	0.0117836021790724	0.0	0.0	0.0	0.0	0.0	0.0
TCGA.5X.AA5U.01	0.0116465384656883	5.3715974693052e-05	0.000388218800295702	0.0	0.0	0.0	0.0215566156687445	0.0	0.00875592671448599	0.00127902237729679	0.0	0.00201320060793839	0.0	0.0	0.0326441504770847	0.0	0.0	0.0	0.0	0.0006126620423908191	0.0	0.0018546395768358	0.0
TCGA.61.1721.01	0.0557718264713908	0.0007107693869145151	0.0	0.0	0.0148334191050694	0.0	0.0516998179792707	0.0	0.00270001247008067	0.00023450047455900096	0.0	0.0069874077708095205	0.00274876995171703	0.0140671052952045	0.0	0.0	0.12082794915999301	0.0	0.0	0.0302366313213642	0.0	0.0	0.0
TCGA.61.1724.01	0.0902752670873841	0.0139550103734069	0.0	0.0115569646080226	0.00203496826569727	0.0	0.0268906166964749	0.0	0.007443309594966841	0.00930944294623587	0.0	0.008958475180440791	3.28229812348251e-05	0.00202346045219841	0.0278922724755865	0.015688673357961	0.043356257011623996	0.0	0.0	0.0035077871653901	0.0	0.0	0.0
TCGA.61.1725.01	0.10567449035536901	0.0098374979829312	0.0	0.000172610911608535	0.0159207308097768	0.0	0.0387298747982916	0.0	0.0188512276595437	0.00252493561464556	0.0	0.00340715564601261	0.00348297561185623	2.95696136904547e-05	0.00237412648616417	0.0269160944318453	0.0902888652195283	0.0	0.0	0.00479599601635496	0.0	0.0	0.0061709719994352
TCGA.61.1728.01	0.0581428201596855	6.17858935896216e-05	0.0011534990947543698	0.0	0.0	0.0	0.04562461495852	0.0	0.007874566856750241	0.0126971249449394	0.0	0.0076024220760561294	0.000688548831984081	0.0	0.0739242346830508	0.00020107112221273	0.0337849543576581	0.0	0.0	0.00462820423551527	0.0	0.0	0.0
TCGA.61.1733.01	0.0599604105397378	0.000910220515134048	0.0	0.000203341076691798	0.0	0.0	0.0586165553555103	0.0	0.018912806444563	0.0200661828440311	0.0	0.0057695607081057	0.0	0.0071505202950483595	0.0122412102806446	0.00888882820813415	0.0134008367381261	0.0	0.0	0.0214458041575018	0.0	0.00146112265162274	0.0
TCGA.61.1736.01	0.0781675044047941	0.00709937459558461	0.0	0.0	0.0048385033071905205	0.0	0.0592546151928508	0.0	0.0134757173793279	0.0049746624283796	0.0	0.00470997557752753	0.0103209362682229	0.0170062967090533	0.0	0.00306812602454688	0.0783388820140368	0.0	0.0216727948134311	0.0	0.000184134664720256	0.0	0.0
TCGA.61.1737.01	0.0924363779480293	0.0	0.0007847803253366111	0.0	0.0119618840904876	0.0	0.0377472794998924	0.0	0.00979193859303747	0.0129193858217392	0.0	0.00047623990386179904	0.0041531378708550394	0.00028524837079760496	0.0552717290066042	0.0182628174497518	0.0860446226105111	0.0	0.00876441205927203	0.0	0.0016693771260158099	0.0	0.0
TCGA.61.1738.01	0.0666923588746409	0.0168846803138505	0.0	0.0066845702274815795	0.00595931965225132	0.0	0.0102817267777574	0.0	0.0158523537977984	0.0	0.0	0.000694419751622654	0.00405222860073616	0.00169066174489363	0.0	0.0174420450777092	0.0578683074571558	0.0	0.0342700798740492	0.00138395515434204	0.0	0.0	0.00573766240305009
TCGA.61.1740.01	0.224144914348757	0.0182491310474106	0.0	0.0	0.0184495268987732	0.0	0.108711917450423	0.0	0.0350663446906784	0.014505764793603002	0.0	0.0153699623245657	0.0	0.00661988753693756	0.0215246279603128	0.0730238892602809	0.119348068321397	0.0	0.0	0.00438084560702605	0.0	0.0	0.0
TCGA.61.1741.01	0.0760553103072761	0.0141793766140878	0.0	0.0309372766029982	0.000164117018946113	0.0	0.0519781924579358	0.0	0.0214063394792525	0.0159823340329227	0.0	0.00558713920623817	0.0	0.0	0.0741657936232187	0.0241562804145764	0.0437326634052066	0.0	0.0	0.00862195459643319	0.0	0.0	0.0
TCGA.61.1743.01	0.0410511852132449	0.0043386794607053105	0.0	0.0143906744018123	0.0	0.0	0.0239384543660945	0.0	0.0184994145170595	0.002439584476731	0.0	0.0	0.00717961202551665	0.0	0.027580463423934	0.0109404866204959	0.0239103243708996	0.0	0.0012430124655464301	0.00344009368191396	0.0	0.0	0.0
TCGA.61.1900.01	0.0410737074761775	0.0	0.0	0.0140722237420767	0.00687616979613978	0.0	0.0327143385660808	0.0	0.0145378599200004	0.00451386967416243	0.0	0.0	0.0178664074608156	0.0104368255194826	0.026612225925325	0.00747534363336353	0.009512674001022809	0.0	0.0	0.00471008243615648	0.0	0.0037301127696356797	0.0
TCGA.61.1907.01	0.11859322944118099	0.00151780034168265	0.00141563676994238	0.0	0.0245168471993662	0.0	0.0527126598840987	0.0	0.0224092208176335	0.0660739110804959	0.0	0.0	0.0193775041587441	0.0	0.0563237671286064	0.0460129958806088	0.135271729343019	0.00149903179974733	0.0	0.0	0.0156142565671533	0.0	0.00111141919687866
TCGA.61.1910.01	0.0437202268786288	0.000155259425705081	0.000459192832811375	0.0	0.0	0.0	0.0215238997020017	0.0	0.00639598948893519	0.00957933962354007	0.0	0.00698002437566266	0.0	0.0	0.0313071341176843	0.00299884504289495	0.0305108571281671	0.0	0.00126139095125759	0.0	0.00163957621800259	0.0	0.000220787875299108
TCGA.61.1914.01	0.13463765064382802	0.00135074096797529	0.0	0.000800264066671662	0.0	0.0	0.0692865990629668	0.0	0.0145843664317829	0.0152002555456017	0.00266861086000015	0.0	0.0259740289896055	0.0	0.0337890738001186	0.0313825405910155	0.05745298243561401	5.3289315799764395e-05	0.0	0.0131875105069926	0.0	0.0	0.0
TCGA.61.1917.01	0.0724386316644069	0.00582423589179784	0.000866687811320089	0.0	0.0154790543511788	0.0	0.0445753814917244	0.0	0.0101257026106657	0.0161020655381576	0.0	0.00907151227593993	0.00512854514312793	0.008008848406702379	0.0859469468674516	0.032409169280307	0.0715112099964753	0.0	0.0	0.0	0.0	0.0	0.0
TCGA.61.1918.01	0.067826664844965	0.0	0.00102833520336285	0.0	0.0	0.0	0.052261522923412004	0.0	0.0165730788713695	0.0218701882026151	0.0	0.00507755588260399	0.00785612284018211	0.013746990697436	0.0211843719444324	0.00550943188927444	0.0707439241455988	0.00053658838258047	0.0	0.0202239087896209	0.0	0.0	0.0
TCGA.61.1919.01	0.166922798021149	0.009479438135222559	0.00548700040818311	0.0	0.00521589820149534	0.0	0.0396483336271121	0.0	0.0189908116264814	0.00967686834338806	0.0	0.0	0.00579108019684274	0.00045154899664402596	0.11265512466517	0.0254758809702527	0.138189660733911	0.0	0.00129561564592799	0.0030281405577909397	0.0	0.0	0.0022832970805094603
TCGA.61.1995.01	0.125939034793491	0.00215113818409155	0.0	0.0	0.0192804962897128	0.0	0.0818538726303643	0.0	0.010339478085997	0.0340928100627481	0.0	0.00505874526151242	0.00268366322235345	0.00827027970845612	0.00308897875613123	0.0177187596651848	0.13771441082173902	0.0	0.0	0.00386081010420615	0.0	0.0	0.0
TCGA.61.1998.01	0.125245349603224	0.0059275389154124	0.0	0.0	0.0	0.0	0.0231897685391998	0.0	0.00108094830296437	0.00655564454249821	0.0	0.00151475646569264	0.00440891621434321	0.00608671967358536	0.11802759933402	0.00646007667036823	0.0634026225015686	0.0	0.0	0.00666704189295615	0.0	0.0	0.0
TCGA.61.2000.01	0.0517264559991197	0.007512828254605229	0.0	0.0	0.005240816236284871	0.0	0.0525799345139258	0.0	0.00826844470577555	0.0169807468974837	0.0	0.0	0.027027468079297994	0.0059526028245143	0.0166645551773131	0.0113672148199193	0.0426925639840069	0.00192729096661315	0.000157835730109397	0.0	0.00307537294209852	0.0	0.000203033802022701
TCGA.61.2002.01	0.162972405734758	0.00132501637997822	0.0038469690752701	0.0	0.0114653728370564	0.0	0.12538750732816	0.0	0.0352209478439742	0.0361486316500344	0.0	0.0	0.0385138013398461	0.0214471619773508	0.0587144502100829	0.0544581303193307	0.0575091658122078	0.00316653046945347	0.0	0.0241026404461289	0.0	0.0	0.0
TCGA.61.2003.01	0.195888316409335	0.0	0.00233018292532124	0.0	0.0158378092414066	0.0	0.0513273087973897	0.0	0.0169293836375768	0.0208910298365354	0.0	0.00017720984415606	0.00879751752549972	0.0060170461705283795	0.13487349278606098	0.0160216612703273	0.0976761087886795	0.00117445504037546	0.0	0.0065660019962887105	0.0	0.0	0.0
TCGA.61.2008.01	0.0655416539042701	0.0023393648374875602	0.0	0.0122828336349378	0.0113751642218957	0.0	0.0510460165089909	0.0	0.0145693345978338	0.00256438634777351	0.0	0.000174777316175826	0.00449295895518255	0.00437070892664072	0.0	0.0189658636065034	0.0613173311753608	0.0	0.0	0.0	0.0	0.0	0.0
TCGA.61.2008.02	0.16529658083959398	0.0124881551078233	0.0	0.0013685087150489901	0.0308808145468409	0.0	0.0708835391482197	0.0	0.0483481131443775	0.0123442294840253	0.0	0.0017067629192749699	0.0266232945257234	0.0	0.0445265109107376	0.0365318754473237	0.0728577862045415	0.000812356579099367	0.0	0.0260112573374783	0.0	0.0	0.0
TCGA.61.2009.01	0.124072569906396	0.000268006543931209	0.000618403556815334	0.0	0.0	0.0	0.0663243815668899	0.0	0.0054544562048127	0.00891654172809071	0.0	0.00372572909997825	0.00201952085100775	0.0120028103761517	0.0253646007428337	0.0264034822507221	0.0809944428926749	0.0018528324057878601	0.0	0.0322911972403501	0.0	0.0	0.0
TCGA.61.2012.01	0.273184641304422	0.0106269265933172	0.0	0.0057707796972508605	0.000703363544174936	0.0	0.100531203987246	0.0	0.0577189536434514	0.0140185659591692	0.0	0.0098314212251691	0.0	0.0	0.14841534288843802	0.0731803813175664	0.0274358409092624	0.0	0.0	0.0	0.0247946168557452	0.0	0.009700059984971091
TCGA.61.2016.01	0.0607457481998346	0.0277506605800428	0.0	0.0012349762416830302	0.0259547314914225	0.0	0.0370310765687784	0.0	0.0095079272783438	0.00665656588918652	0.0	0.000257675286545667	0.0101916628913648	0.012171787217139001	0.0	0.00771285681971203	0.0968849721667731	0.0	0.0138891117501768	0.0029322671152347602	0.0	0.0	0.0
TCGA.61.2088.01	0.0362365137460978	0.000621492594960762	0.0	0.0	0.0027145469401145	0.0	0.00498020765961797	0.0	0.0227033023523318	0.0	0.0	3.1806672295535804e-05	0.00601784177696681	0.00251163438268965	0.0005681519821995709	0.00482913614543329	0.0462997031420274	0.0	0.0	0.0	0.00279415072841582	0.0	0.0
TCGA.61.2092.01	0.0346980041917595	0.00405711376302378	0.0	0.0116325974636571	0.0	0.0	0.0105794503117492	0.0	0.0040397530627561	0.0015665847533950698	0.0	0.0	0.00295359867636383	0.000920468112853201	0.00929270133533656	0.0	0.007417830385591059	0.0	0.000397725119790264	0.0	0.0	0.0	0.0
TCGA.61.2094.01	0.42094358664280696	0.0426906509921016	0.0	0.0213291949246091	0.13147947808984697	0.0	0.10236263702080801	0.0	0.0572187084959726	0.067331191798397	0.0	0.0293397230918091	0.0	0.0	0.09931344300541001	0.0854556393805312	0.13402079153596197	0.0	0.0	0.00162125539185396	0.0	0.0	0.0
TCGA.61.2095.01	0.203955308632745	0.0137746966084532	0.0	0.0	0.0	0.0	0.0422110095315803	0.0	0.000902830453553197	0.0418126801058683	0.0	0.0240301003480318	0.0149841703233251	0.0358224873711054	0.11826154255547	0.00268028637395048	0.115740509378113	0.007703442082342341	0.0	0.0	0.0	0.0	0.0
TCGA.61.2097.01	0.12245313139191902	0.0110597441059522	0.0	0.0	0.0	0.0	0.0386929962095852	0.0	0.0108883744000257	0.0012670958341803801	0.0	0.0	0.0104530894962691	0.00587033970025687	0.028375365035953996	0.0033294010196447898	0.0683372434608219	0.0	0.0158498189071542	0.0	0.0166738816224987	0.0	0.00488892939435561
TCGA.61.2098.01	0.0404461729149227	0.0	0.0011774229956404698	0.0	0.0	0.0	0.0328207751183158	0.0	0.0171747789613929	0.00046348010899153894	0.0	0.0	0.008200934387654391	0.00807814335087942	0.0148457746175779	0.0	0.00337839445512502	0.0	0.0	0.00453045480812855	0.0	4.3135626097918605e-06	0.0
TCGA.61.2101.01	0.0475088398776225	0.010366894142500001	0.0	0.000522429131940671	0.00027122126417341804	0.0	0.0303819269418169	0.0	0.00280281111221114	0.00944676245025737	0.0	0.0051479552851525	0.0	0.0	0.0214917757233345	0.0104878127247012	0.0379406145098871	0.0048475795937776	0.0	0.0054767403107509995	0.0	0.0	0.0
TCGA.61.2102.01	0.0830359958159696	0.00036358544770424	0.000659591456649344	0.0	0.0	0.0	0.0238885042841972	0.0	7.915749288766109e-05	0.00529183897426579	0.0	0.00264857891448859	0.00345032628254262	0.0	0.0511011325262018	0.0016417630293613	0.0344468006812687	0.0	0.0	0.00776969902082628	0.0	0.0	0.0
TCGA.61.2104.01	0.120149444379112	0.0239797626627637	0.0	0.0119246151900837	0.008083860402562591	0.0	0.0568221245778956	0.0	0.026615876191887995	0.0256321915918201	0.0	0.0103793448442838	0.0	0.00245574844571118	0.0478686779148659	0.0552053407539378	0.0822863266951219	0.0	0.0	0.0	0.00211520096223493	0.0	0.0
TCGA.61.2109.01	0.0697859622054235	0.0	0.00397299587696566	0.0	0.0	0.0	0.0716009256465437	0.0	0.00319466401187958	0.0232675618121738	0.0	0.00443349256010092	0.0118405617467826	0.0102558044232687	0.0470371752766044	0.00114275204290932	0.013894933942443	0.0	0.0	0.0	0.000422109047641561	0.0	0.0
TCGA.61.2110.01	0.052936102372859	0.0	0.00094546880520377	0.0	0.0	0.0	0.0376554881528764	0.0	0.0281510224864011	0.009039465967493759	0.0	0.0035421444803036104	0.007199412705897671	0.0164721281008304	0.0236202142203625	0.0	0.0189940600023786	0.0	0.0	0.008925433804241541	0.0	0.0	0.0
TCGA.61.2111.01	0.10460012964381801	0.000504294636895137	0.0	0.0	0.0	0.0	0.0563223662723601	0.0	0.0038139454438432204	0.0336996641490909	0.0	0.000695337323627391	0.0126014488867788	0.0065278484392834	0.0434427371574701	0.00504530180165007	0.0518927737320668	0.0	0.0	0.0348820470274345	0.0	0.0	0.00262757596258894
TCGA.61.2113.01	0.18724539336571	0.0199080434022557	0.0	0.014037894501932	0.007152261784045909	0.0	0.06962366464297098	0.0	0.03558396414375	0.0	0.0	0.016159569068054	0.0	0.00499020947040659	0.0404014528309238	0.0472953453212737	0.0903198272592617	0.0	0.0214490820540703	0.0	0.00314450794838488	0.0	0.0
TCGA.OY.A56P.01	0.0054534839935535895	0.0	0.000735869586141331	0.0	0.0	0.0	0.00327789816611137	0.0	0.00882628479849693	0.00552394706412122	0.0	0.0	0.007492203007322429	0.0008944391167312	0.0111275025709005	0.0	0.0032761974087419303	0.0	0.00315817409344385	0.00611882669263807	0.0	0.0	0.0
TCGA.VG.A8LO.01	0.034111756452794004	0.00703339535801339	0.0	0.0	0.0037633374397127704	0.0	0.021663017802076	0.0	0.0130760768652025	0.00876100065923393	0.0	0.00438258263169335	0.000841432138631455	0.0006131950286567129	0.009202428068260509	0.00109473391084473	0.00753520594214158	0.0	0.0109632439069043	0.0	0.004796468271036389	0.0	0.0
TCGA.WR.A838.01	0.0026953869762475604	0.0	0.0010188177620657302	0.000126870927537423	0.0	0.0	0.009030462958249259	0.0	0.015710311256321	0.0	0.0	0.0	0.007628266762592341	0.00158343872583785	0.00495730762723534	0.0	0.000522098377998689	0.0	0.0114206649399335	0.0110070823925314	0.0	0.000270410221004734	0.0
