	A01	A02	A03	A04	A05	A06	A07	A08	A09	A10	A11	B01	B02	B03	B04	B05	B06	B07	B08	B09	B10	B11	B12	C01	C02	C03	C04	C05	C06	C07	C08	C09	C10	C11	C12	D01	D02	D03
Adipocytes	0.1906	0.2367	0.2781	0.0308	0.035	0.1251	0.0115	0.0866	0.0827	0.0458	0.0792	0.1295	0.0273	0	0.1602	0.1109	0.1597	0.2312	0.0852	0	0.1437	0.0671	0.0407	0.0813	0.0271	0.0563	0.1476	0.0382	0.0744	0.1431	0.1454	0.1261	0.0933	0.2408	0.367	0.1321	0.1885	0.0594
Astrocytes	0	0	0	0.0068	0	0	0	0	0	4e-04	0.0323	0	0	0	0	0	0.0067	0	0.016	0.0091	0	0.0244	0	0	0	0.0341	0	0	0.0189	0	0	0	0.0574	0.0345	0	0.0457	0	0
B-cells	0	0.058	0.0555	0.0199	0.0336	1e-04	0.0362	0	0	0.0292	0.0286	0.0766	0	0.0207	0.0299	0.0336	0.0506	0.0556	0.1123	0.0226	0.0109	0.0321	0.0429	0.0556	0	0.0027	0.045	0.0479	0	0.0777	0.0245	0	0	0.1755	0.1019	0.02	0.0805	0.0467
Basophils	0.0681	0	0	0.05	0	0	0.0965	0.1611	0	0.0852	0.0896	0.154	0	0.1834	0.0754	0.0676	0.0938	0.0132	0.1205	0.0816	5e-04	0	0.0039	0.0252	0.1125	0.1182	0	0	0	0.0624	0.0479	0.0071	0	0.0629	0	0.0777	0	0
CD4+ T-cells	0.0926	0.2097	0.1427	0.1017	0.0987	0.0436	0.1015	0.002	0	0.1311	0.1135	0.1561	0	0.0585	0.0643	0.0927	0	0.0821	0.0742	0.1275	0.1137	0.119	0.1731	0.0376	0.0782	0.1069	0.0864	0.1034	0	0.0751	0.0023	0	0	0.1914	0.0454	0	0	0
CD4+ Tcm	0	0.0584	0.028	0.1867	0.0125	0	0.1176	0	0	0.0282	0.1977	0.0279	0	0.1601	0.1116	0.1051	0.0979	0	0.0251	0.1437	0.0244	0	0.1089	0	0.1215	0.0914	0.0668	0.1241	0	0.0735	0.0315	0	0.0686	0.1663	0	0	0	0
CD4+ Tem	0.1002	0.1394	0.1078	0	0.043	0	0	0	0	0	0	0.1943	0	0	0	0	0	0.028	0	0	0	0	0	0	0	0	6e-04	0.0216	0	0	0	0.0041	0	0.0774	0.0725	0.1164	0.1093	0
CD4+ memory T-cells	0.1544	0.3051	0.1985	0.04	0.1371	0.1104	0.0246	0.0335	0.0859	0.1887	0.0369	0.3141	0.1172	0.0853	0.0456	0.0448	0	0.1345	0.0738	0.0781	0.1822	0.121	0.1809	0.1393	0.0593	0.0675	0.0924	0.149	0.0651	0.0868	0.0158	0.0744	0	0.2245	0.2092	0.141	0.1634	0.0573
CD4+ naive T-cells	0.0267	0	0	0.0116	0	0	0.012	0	0	0	0	0.0197	0	0	0.0425	0.0634	2e-04	0	0.0036	0	0.0139	0	0.0086	0.0315	4e-04	0.0159	0	0	0	0.0136	0.0492	0	0	0.096	0.0207	0	0	0.0591
CD8+ T-cells	0.0548	0.0687	0.0762	0	0	0	0	0	0	0.0175	0.0281	0.0767	0.0196	0.1214	0.0579	0.0132	0.0045	0.0292	0.0208	0	0.0193	0.0436	0.0359	0.0302	0	0	0.0102	0	0	0.0383	0.0613	0	0	0.0999	0.1147	0.0479	0.0758	0.0918
CD8+ Tcm	0.0427	0.0632	0.1321	0	0	0	0	0	0	0	0.0261	0.1533	0	0.0193	0	0	0	0.0069	0	0	0.063	0.0385	0.0259	0.0365	0.0324	0	0	0	0	0.0169	0	0	0	0.0693	0.1263	0.0505	0.1164	0.0086
CD8+ Tem	0.0241	0.0947	0.0792	0.0736	0.0242	0	0	0	0	0	0.0834	0.0499	0	0.1983	0.0934	0.0903	0.0471	0	0.0787	0.0569	0	0.0161	0	0.0466	0.072	0.0299	0.0672	0.1463	0	0	0	0	0	0.1168	0.0408	0.0058	0.0216	0
CD8+ naive T-cells	0.2518	0.1483	0.0916	0.0238	0.1731	0.1884	0.1459	0.1736	0.2397	0.1456	0.0551	0.1334	0.243	0.0679	0.0317	0	0.0804	0.0997	0.0137	0	0.1016	0.0615	0.1308	0.1285	0.0026	0	0.0306	0.0026	0.1706	0.1267	0.1699	0.1415	0.1232	0.0455	0.1093	0.1622	0.1417	0.2487
CLP	0.1218	0.1296	0.1288	0.0849	0.1269	0.1561	0.1355	0.1362	0.2065	0.1732	0.088	0.1777	0.1548	0.1203	0.1336	0.1253	0.1366	0.1416	0.1628	0	0.0803	0.0778	0.0939	0.1573	0.1179	0.0674	0.1134	0.1056	0.1414	0.0662	0.1057	0.1338	0.1135	0.1132	0.1434	0.1394	0.1423	0.1449
CMP	0.0063	0.0161	0	0.0574	0.0324	0.0259	0.0683	0.0266	0	0	0.0148	0	0.0754	0.1286	0	0.0249	0	0.0125	0.0088	0.0656	0.0866	0.0581	0.1271	0.022	0.0748	0	0	0.0128	0.0501	0.0743	0.0643	0.016	0	0	6e-04	0.0076	0.035	0
Chondrocytes	0.0651	0.1322	0.0987	0.1719	0.1042	0.0399	0.0562	0	0.0704	0	0.1552	0.0819	0	0	0.0479	0.0702	0.163	0.1243	0.0617	0.0841	0.1551	0.1167	0.1094	0.1071	0.0884	0.1055	0.0763	0.0561	0.1022	0.1438	0.1898	0.0739	0.1496	0.1323	0.1295	0.0659	0.0194	0.1373
Class-switched memory B-cells	0.0767	0.0066	0.0842	0.0526	0.1168	0.0522	0.0426	0.0224	0	0.0198	0.0811	0.0275	0	0.0218	0	0.0565	0.0112	0	0	0.1065	0.084	0.0219	0.0734	0	0	0.041	0.0123	0	0.0546	0.076	0.0423	0.0122	0	0.1009	0	0	0.0146	0.0185
DC	0.0431	0.0328	0.0561	0.0192	0.0582	0.0372	0.0354	0.0261	0.0103	0.0435	0.024	0.0575	0	7e-04	0.0153	0.0134	0	0.0429	0.0525	0.0314	0.0362	0.0158	0.0323	0.0758	0.0268	0.064	0.023	0.0289	0.0556	0.0414	0.0202	0.0377	0.0282	0.0381	0.023	4e-04	0.0383	0.0117
Endothelial cells	0.0494	0	0.0616	0	0.028	0	0	0.0346	0.0226	0.0291	0.0311	0.1135	0.004	0	0.0382	0.0165	0.0743	0.0634	0.0288	0.0216	0.1097	0.0552	0.0474	0.0414	0	0	0.0824	0.034	0.0897	0	0.0298	0.0821	0.0295	0.0246	0.0805	0.0515	0.0685	0.0019
Eosinophils	0.2112	0.0238	0.1539	0.1993	0.1638	0.1431	0.1317	0.1303	0.0627	0	0.1465	0.0575	0.0481	0.1351	0.1437	0.1737	0	0.1034	0.0673	0.1742	0.11	0.2391	0.179	0.1137	0.2773	0.4705	0.1186	0.2132	0.1103	0.0973	0.1056	0.1641	0.2498	0.0693	0	0.0249	0.0178	0.1398
Epithelial cells	0.0667	0.0711	0.0245	0.1223	0.1029	0.0579	0	0.0775	0.0756	0	0.0931	0.1011	0.1027	0	0.1956	0.1826	0.1805	0.0987	0.1171	0.0903	0.0692	0.0227	0.0512	0.1439	0.1777	0.053	0.1182	0.1316	0.242	0.0135	0.0717	0.1858	0.2295	0.0914	0.057	0.0641	0.0747	0.1107
Erythrocytes	0.022	0	0.0085	0	0	0.0214	0	0.0063	0.009	0	0	0.0239	0	0	0	0	0	0.0073	0	0	0.0073	0.0147	0	0	0	0.0289	0.0482	0.0107	0	0	0	0.0383	0	0	0	0.0248	0	0.0012
Fibroblasts	0.1799	0.1342	0.1868	0.0234	0.1384	0.0415	0	0.0462	0.101	0	0.014	0.0993	0	0	0	0	0.0641	0.0939	0	0	0.1563	0.0293	0.0104	0.0109	0.0883	0.0446	0.018	0	0.1394	0.339	0.3833	0.0394	0.0768	0.1777	0.2115	0.1303	0.0855	0
GMP	0	0	0.0497	0	0	0.0529	0	0.0218	0.0198	0	0	0	0.023	0.0341	0	0	0	0	0	0.0146	0	0	0.0099	0.0157	0	0.0708	0	0	0	0	0	0	0	0	0.0331	0.0987	0.0753	0
HSC	0.1848	0.1622	0.1774	0.0611	0.0656	0.2285	0	0.1413	0.0719	0.0028	0.0575	0.0523	0.0339	0	0.0081	0	0.0188	0.0967	0.0687	0.0274	0.1113	0.193	0.1399	0.2066	0	0.242	0.1812	0	0	0.3537	0.2001	0.1124	0	0.0779	0.0876	0.0325	0.0386	0.1393
Hepatocytes	0.0406	0.0377	0.0475	0.0142	0.0631	0.0467	0	0.0313	0.0029	0	0.0257	0	0	0	0	0	0	0.0042	0	0	0.0474	0.0176	0.0428	0.022	0	0.0496	0.0172	0.0401	0.0066	0.0113	0.0116	0.0184	0	0	4e-04	0.0274	0.008	0.0303
Keratinocytes	0.0156	0	0.0115	0.0179	0.0318	0.0755	0.0205	0.0416	0.0484	0.0254	0.0014	0.1344	0.0555	0	0.0746	0.0578	0.0726	0.0401	0.0275	0.0042	0.0457	0.0296	0.0216	0.0918	0.0535	0.0766	0.0886	0.0977	0.1328	0.0378	0.0866	0.0743	0.0802	0.0266	0.0311	0.0714	0.0536	0.0724
MEP	0.0474	0	0	0	0	0	0.0267	0	0.0883	0.1575	0	0.0502	0.1366	0.0025	0	0	0	0	0	0	0	0	0	0.053	0	0	0.015	0.0472	0	0	0	0	0	0	0.031	0.0055	0.0223	0.0777
MPP	0.1057	0.1039	0.2721	0.0363	0.1704	0.1943	0.0261	0.1737	0.1316	0.0829	0.1294	0.2019	0.1986	0.1755	0.0129	0.0364	0	0.0451	0.056	0.0635	0.0379	0.0631	0.0775	0.129	0.12	0.0962	0	0.1596	0.0608	0.1374	0.0368	0.1341	0	0.1789	0.1617	0.0733	0.1545	0
MSC	0.0095	0.1048	0	0.1015	0.0981	0	0.2879	0.1656	0.1825	0.2778	0.0463	0.0402	0.2494	0.357	0	0.1468	0.2342	0	0.121	0.1836	0.0438	0.03	0	0.1985	0.1588	0.1241	0.2472	0.2034	0.001	0.1711	0.1449	0.2715	0.0398	0.1647	0.3234	0.3722	0.603	0.1125
Macrophages	0.1024	0.1649	0.1161	0.0858	0.0989	0.1104	0	0.0581	0.0858	0	0.0824	0.1199	0.0225	0	0.0372	0.0523	0.0566	0.1443	0.077	0.041	0.0784	0.0995	0.1027	0.1432	0.0944	0.1004	0.1142	0.1532	0.0809	0.0667	0.0331	0.1029	0.0732	0.1108	0.1799	0.1669	0.1676	0.0936
Macrophages M1	0.0272	0.0649	0.0503	0.0381	0.0355	0.0667	0.0179	0.0206	0.0418	0.004	0.0486	0.0577	0	0	0.0204	0.0159	0.0214	0.0551	0.0387	0	0.0293	0.0396	0.0352	0.0634	0.0244	0.0075	0.046	0.0579	0.0233	0.0189	0.0169	0.0282	0.0304	0.0347	0.0472	0.0645	0.053	0.0363
Macrophages M2	0.1334	0.1438	0.0538	0.0718	0.1055	0.0176	0.0477	0.1067	0.0277	0	0.0165	0.0929	0.1278	0.0921	0.1439	0.1036	0.116	0.1345	0.1072	0.1632	0.111	0.1087	0.1096	0.1113	0.1927	0.1507	0.0808	0.1167	0.1144	0.0891	0.0819	0.1122	0.0433	0.1158	0.209	0.1369	0.1361	0.1093
Mast cells	0	0	0	0	0.0123	0.0226	0.0326	0.0116	0	0.0091	0.0114	0	0	0.0451	0.0334	0.0323	0.0148	0.0182	0.024	0.0242	0.0149	0.0119	0.0467	0.0137	0.0119	0.0119	0	0.0199	0	0.0015	0.0043	0.0038	0	0.004	0	0	0	0
Megakaryocytes	0.0184	0.1072	0.1306	0.0678	0.0681	0.0557	0.0619	0.0348	0	0.0197	0.1037	0	0.0325	0.0389	0.1003	0.1123	0.0872	0.1641	0.058	0.0406	0.0601	0.0435	0.0281	0	0.0071	0.1028	0.0889	0	0.0208	0.0982	0.1257	0	0.0503	0.0772	0.0538	0.0688	0.0393	0.0267
Melanocytes	0.0466	0.045	0.0445	0.0235	0.0472	0.0273	0.04	0.0678	0.0664	0.031	0.0455	0.0574	0	0.0199	0	0	0.0261	0.0285	0.009	0.0557	0.0622	0.0622	0.0681	0.0616	0.0281	0.0524	0.0381	0.0491	0.0585	0.0207	0.052	0.0641	0.026	0.0162	0.0119	0.0265	0.0076	0.0035
Memory B-cells	0	0	0.0016	0	0	0	0	0	0	0	0	0	0	0	0	0	0	3e-04	0.0434	0	0	0	0	0	0	0	0	0	0	0	0	0	0	0.0407	0	0	0.0018	0
Mesangial cells	0	0	0	0	0	0.0299	0	0	0	0	0	0	0.0392	0.0563	0.0626	0.054	0.0739	0.0473	0.0568	0.0364	0.023	0	0.0254	0	0.0303	0.02	0	0	0.0975	0.064	0.0768	0.0931	0.1088	0.0792	0.0425	0.048	0.0402	0.0397
Monocytes	0.0093	0.0173	0.0459	0.0019	0.0387	0.0159	0.0149	0.0157	0.0433	0	0.0371	0	0	0	0	0	0.0225	0.0355	0.0254	0	0.0566	0.011	0.0723	0.0497	0	0.0292	0.0529	0.0339	0.0452	0.0963	0.0861	0.0771	0	0.0467	0.0121	0.0951	0.0912	0.0172
Myocytes	0.0209	0	0.0215	0	0.0078	0.0296	0.0159	0.0242	0	0.0315	0	0	0.0316	0.0317	0	0	0	0	0	0.0182	0.0118	0.0255	0.0107	0	0.0011	0	0	0	0.0176	0	0	0	0.0136	0	0	0.0153	0	0
NK cells	0.01	0	0	0	0	0.0596	0.0395	0.0671	0	0.0497	0.0351	0	0	0.0322	0	0	0	0.0048	0.0452	0.0063	0	0.0179	5e-04	0.0015	0	0	0	0.0615	0	0	0	0	0	0	0	0	0	0
NKT	0.2285	0.0681	0.0706	0.1548	0.1543	0.2338	0.1168	0.1918	0.1034	0.1288	0.0659	0.3836	0.2518	0.0033	0.1037	0.1378	0.1103	0.1713	0.1962	0.1693	0.159	0.1436	0.0156	0.1919	0.2435	0.3386	0.0153	0	0.2937	0.1895	0.1802	0.3207	0.2472	0.0393	0.2152	0.1304	0.2156	0.1722
Neurons	0.044	0.0288	0.0388	0.034	0.0453	0.0344	0.0344	0.0441	0.046	0.0524	0.0286	0.0355	0.0438	0.0377	0	0.0096	0	0.0199	0	0.0213	0.0415	0.052	0.0431	0.0346	0.0244	0.0667	0.0287	0.0315	0.0431	0.0496	0.0542	0.0383	0.0441	0.03	0.0122	0.0241	0.0236	0.0384
Neutrophils	0.1273	0.114	0.1462	0.0649	0.0562	0.0918	0.0135	0.049	0.0721	0	0.065	0.0617	0.0027	0.0428	0.0537	0.0138	0.0787	0.1182	0.0746	0.0484	0.0161	0.0442	0.0013	0.0934	0.0721	0.0858	0.0611	0.0609	0.0417	0.0518	0.0262	0.1199	0.0481	0.0614	0.0457	0.0907	0.0737	0.0341
Osteoblast	0.0455	0	0.0144	0	0.0334	0.0596	0.1195	0.0829	0.2859	0.1003	0	0	0.1109	0	0	0	0	0	0	0	0.0527	0.0763	0.0254	0	0	0	0	0	0.1023	0	0	0.1188	0	0	0.2231	0.1488	0.1802	0.2482
Pericytes	0	0.0571	0.0205	0.0763	0.0553	0.0094	0.0304	0.0259	0	0.0514	0.0628	0.0884	0.0397	0.0691	0.0747	0.0733	0.1174	0.0274	0.089	0.1187	0.0461	0.0557	0.0394	0.0705	0.0675	0.0545	0.0857	0.079	0.0436	0.0047	0.032	0.048	0.0881	0.0834	0.0768	0.09	0.0751	0.0062
Plasma cells	0.0067	0.0894	0.0355	0.001	0.0159	0.037	0.007	0.0095	0.0792	0.0959	0	0.18	0.1088	0.0552	0.0857	0.0534	0.1303	0.0987	0.101	0	0.0388	0.0359	0	0.1006	0.0138	0	0.1006	0.0882	0.0116	0.0048	0	0	0.0523	0.0911	0.1513	0.1271	0.1701	0.0982
Platelets	0.0058	0.0209	0.044	0	0.0146	0	0	0	0	9e-04	0	0	0.0244	0	0.0209	0.0466	0.0229	0.0554	0.0164	0.01	0.0128	1e-04	0.0213	0	0	0.0475	0.0099	0.019	1e-04	0.0216	0.0801	0.0065	0	0.0041	0.0249	0.0339	0.0202	0.007
Preadipocytes	0.0388	0.0827	0.0851	0.0426	0.0851	0.1186	0.0234	0.08	0.0736	0	0.0521	0.021	0	0	0.105	0.0934	0.0353	0.0839	0.0528	0.0318	0.101	0.0167	0.0195	0.0496	0.0105	0.0784	0.0319	0.0208	0.0917	0.1333	0.1332	0.0169	0.039	0.1112	0.0251	0.0537	0.0547	0.0622
Sebocytes	0.008	0	0.0046	0.0032	0.0046	0.0064	0.0033	0	2e-04	0.0014	0.0052	0.0073	0.0015	0	0.0035	0.0054	0.0058	0.0063	0.0055	0.006	0.007	0.0041	0.0056	0.0103	0.007	0.011	0.0074	0.0092	0.017	0.0079	0.0127	0.016	0.0092	0	0	0.0062	6e-04	0.0075
Skeletal muscle	0.0231	0.0076	0	0.0132	0.0127	0.0154	0.0233	0.0186	0.0086	0.0074	0.022	0.0166	0	0.0094	0.0079	0.0356	0.022	0.0016	0.0235	0.0122	0.0227	0.0159	0.0274	0.0234	0.0316	0.0113	0.0234	0.0287	0.0025	0.0261	0.018	0.007	0.0098	0.0076	0	0.0179	0.0049	0
Smooth muscle	0.0561	0.0829	0	0	0.0185	0.1188	0	0.0438	0.138	0.1638	0	0.1335	0.107	0	0	0	0.0031	0.1116	0	0	0.0669	0	0	0.0678	0	0	0.0285	0.0414	0.1343	0.0526	0.0321	0	0.0921	0	0.0549	0.1271	0.1238	0.1314
Tgd cells	0.1267	0.1048	0.1026	0	0.0631	0.1278	0.1202	0.1161	0.0776	0.1047	0.0048	0.1275	0.1369	0.115	0.0076	0.038	0.0239	0.105	0.0925	0.0031	0.1069	0.1191	0.1132	0.1319	0.0701	0.0813	0.1333	0.1341	0.0279	0	0	0.0804	0	0	0.0447	0.0336	0.042	0.0464
Th1 cells	0	0	0	0.0982	0	0.1044	0.1731	0.1022	0.2863	0.2324	0.0028	0.1664	0.2946	0.2757	0.2083	0.1394	0.1441	0.1023	0.0998	0.1377	0.0606	0.0038	0.0157	0.097	0.1616	0	0.0927	0.1846	0.1009	0.0064	0.046	0.1142	0.1307	0.105	0.1513	0.1503	0.2098	0.1985
Th2 cells	0.0651	0.0858	0.0719	0	0.012	0.0386	0.0067	0.022	0.0241	0.089	0.0241	0.1235	0.0847	0.0519	0	0	0.0405	0.0743	0	0	0.0269	0	0.0457	0.051	0.0247	0.0814	0	0	0.0571	0.0403	0	0	0.0575	0.0221	0.0485	0.0635	0.0873	0.003
Tregs	0.0535	0.1035	0.0452	0.0958	0.1198	0.0257	0.08	0.0189	0	0.155	0.0778	0.0651	0	0.0221	0.0462	0.0131	0.0051	0	0.1195	0.1079	0.0628	0.0701	0.0547	0.0349	0.0237	0.1229	0.041	0.0109	0	0.194	0.0746	0.022	0.0681	0.0743	0.0371	0	0	0
aDC	0.0209	0.0785	0.0221	0.0363	0.0792	0.0442	0	0.0334	0.0034	0.0485	0.0248	0.094	1e-04	0.0429	0.0054	0.046	0.0318	0.0754	0.0827	0.0434	0.0069	0.0022	0.0178	0.0703	0.0615	0.0378	0.053	0.0826	0.0106	0.0476	0.0253	0.0059	0	0.0506	0.042	0.0115	0.0445	0
cDC	0.0689	0.0237	0.1065	0	0.0146	0.0217	0.0063	0.0164	0	0	0.0134	0.0275	0	0	0	0	0	0.0142	0.0477	0	0.021	5e-04	0	0.0522	0	0	0	0	0.0666	0	0.0328	0.0073	0.0092	0.0652	0.0912	0.041	0.0602	0
iDC	0	6e-04	0.0641	0	0	0.0288	0.0212	0.0319	0.0271	0.0631	0	0.0293	0	0	0.0174	0	0	0.0268	0.0092	0.0096	0.0309	0.0087	0.0319	0.0139	0	0.0968	0.022	0	0.0578	0.03	0.0195	0.0749	0.0234	0.0354	0.0076	0	0.0521	0.0105
ly Endothelial cells	0.0702	0	0.079	0.0205	0.0328	0	0.0378	0.0575	0	0.0418	0.0223	0.1065	0.0306	0.0446	0.0451	0.0347	0.0358	0.0202	0.0222	0.0282	0.1103	0.0592	0.0664	0	0	0.065	0.0705	0.0803	0.1041	0.016	0.0625	0.1166	0.0756	0.0525	0.0491	0.0343	0.0314	0.0642
mv Endothelial cells	0	0	0.0659	0.0329	0	0	0.0569	0.0399	0.0757	0.02	0.049	0.1823	0.0449	0.0537	0.1137	0.1071	0.0741	0.1199	0.049	0.0807	0.1234	0	0.0608	0.0134	0	0.0251	0.0977	0.0644	0.0906	0.015	0.0416	0.0843	0.0842	0.0407	0.1134	0.0746	0.0993	0
naive B-cells	0	0.0146	0	0	0	0	0	0	0	0	0	0	0	0	0	0	0	0	0.0126	0	0	0	0	0	0	0	0	0	0	0.0248	0	0	0	0.0483	0	0	0	0
pDC	0.0168	0.065	0.0067	0	0.0102	0.0372	0.0054	0.0362	0.0201	0.0124	0	0.0022	0.0167	0.013	0	0	0.0121	0.0324	0.0059	0	0.0277	0	0.0209	0.0252	0	0	0	0.0359	0.0101	0	0.0095	0.0157	0	0.003	0	0.0022	0.0227	0
pro B-cells	0.0128	0.012	0.0597	0.0355	0.0348	0.0478	0.067	0.0487	0.0768	0.0369	0.0234	0	0.0742	0.1173	0	0	0	0.0304	0.0016	0	0	0.0216	0.018	0	0	0.0088	0.0019	0.0433	0	0	0	0	0	0	0	0	0	0
ImmuneScore	0.4338	0.4595	0.5284	0.3285	0.3736	0.3495	0.2702	0.2399	0.1828	0.1867	0.3811	0.404	0.0619	0.3043	0.2903	0.2833	0.1518	0.4228	0.3822	0.3171	0.3041	0.4227	0.4578	0.4096	0.3738	0.5809	0.3409	0.4819	0.2225	0.3641	0.2424	0.337	0.2662	0.5314	0.3485	0.2973	0.3633	0.2899
StromaScore	0.21	0.1854	0.2632	0.0271	0.1007	0.0833	0.0058	0.0837	0.1032	0.0374	0.0622	0.1712	0.0156	0	0.0992	0.0637	0.1491	0.1942	0.057	0.0108	0.2048	0.0758	0.0492	0.0668	0.0577	0.0504	0.124	0.0361	0.1518	0.241	0.2792	0.1238	0.0998	0.2216	0.3295	0.157	0.1713	0.0306
MicroenvironmentScore	0.6438	0.6449	0.7916	0.3556	0.4743	0.4328	0.2759	0.3236	0.286	0.2242	0.4433	0.5751	0.0776	0.3043	0.3895	0.347	0.3009	0.617	0.4392	0.3279	0.5089	0.4985	0.507	0.4764	0.4315	0.6314	0.4649	0.518	0.3742	0.6051	0.5216	0.4608	0.366	0.753	0.678	0.4542	0.5345	0.3206
